193 274
180 262
172 249
166 235
166 215
178 187
207 157
246 134
284 121
315 120
333 127
340 139
338 152
328 165
311 179
298 186
291 191
289 191
293 187
305 182
325 178
351 177
368 183
375 192
377 202
374 211
363 221
347 235
327 249
312 259
304 266
302 270
301 274
301 277
302 281
304 286
310 291
323 296
346 297
373 289
397 276
417 262
428 244
436 226
440 215
442 211
443 209
443 212
443 218
444 232
447 250
454 266
465 279
482 289
498 293
516 292
532 284
544 268
552 246
554 221
549 195
542 170
534 151
529 142
526 143
525 145
