181 233
188 233
199 238
209 255
204 275
195 286
178 293
161 293
145 289
131 281
127 267
132 246
146 224
167 209
191 201
214 199
235 203
251 214
261 226
266 243
268 259
267 267
265 269
263 268
262 264
263 254
269 237
287 216
311 204
333 201
350 205
364 215
369 227
367 236
362 250
356 259
343 266
325 268
314 264
307 257
305 245
313 229
328 214
349 206
371 203
390 205
406 213
416 222
419 233
419 245
415 255
411 261
408 264
406 264
406 261
407 254
413 241
425 223
441 209
463 201
485 200
500 204
510 211
516 220
517 229
512 240
502 249
489 254
476 254
469 251
465 244
467 233
476 218
493 203
516 193
542 189
566 195
582 206
591 218
592 230
584 239
571 249
553 254
526 254
