96 266
108 260
127 259
150 270
158 286
152 302
134 313
113 318
92 318
75 313
66 303
63 288
70 266
87 247
112 231
135 223
156 225
174 237
186 254
195 272
198 287
198 295
196 297
193 294
192 286
194 273
205 254
227 238
249 231
268 233
283 243
292 259
290 271
284 282
276 290
263 295
250 293
241 287
236 276
239 263
249 250
272 238
294 233
316 238
331 249
339 262
340 274
339 284
337 290
334 292
331 291
329 288
330 282
335 272
345 260
360 247
382 236
400 236
412 242
420 252
426 261
427 271
423 282
415 290
406 294
396 292
390 287
389 278
395 265
407 252
432 240
457 238
480 240
497 248
505 260
505 271
499 279
486 289
471 296
459 298
441 301
