154 258
162 257
170 262
176 276
171 298
157 313
136 320
113 321
97 317
85 306
80 290
84 266
97 238
115 216
136 203
162 196
188 199
209 209
224 224
233 246
236 269
234 285
232 294
231 297
232 295
234 289
240 274
251 246
265 222
280 209
295 203
307 203
319 209
329 219
335 234
338 252
337 270
331 286
322 296
311 302
299 304
288 301
281 294
280 279
289 258
303 236
322 221
344 213
369 211
392 216
408 231
416 250
418 268
416 288
412 303
407 311
406 313
406 311
407 303
411 287
417 263
423 241
432 227
444 218
457 214
473 213
488 217
500 226
510 240
515 252
517 264
515 275
512 282
508 287
504 289
500 289
496 285
494 279
493 268
494 252
500 234
512 218
529 209
551 209
572 214
586 223
594 240
593 257
585 269
577 282
567 290
551 300
