170 263
191 267
207 281
211 297
204 312
188 321
166 324
146 322
129 316
118 303
114 285
117 264
127 247
143 231
164 220
190 216
215 220
233 234
245 251
252 269
254 288
250 303
247 307
247 300
250 290
257 270
269 245
285 226
301 216
319 215
335 221
345 232
352 251
346 272
333 285
319 295
304 299
292 295
284 286
283 272
290 256
303 238
322 225
344 218
365 218
382 225
395 237
404 252
406 265
404 278
402 290
400 298
399 302
397 301
396 296
397 287
401 269
410 244
417 224
426 211
439 205
453 202
466 205
479 212
489 223
496 239
498 258
496 271
491 277
485 279
481 279
477 277
473 271
470 259
473 242
484 223
500 211
522 205
547 206
567 212
580 222
584 237
580 249
570 260
558 268
548 271
530 275
