271 224
276 222
288 224
304 235
315 257
310 274
293 281
268 281
243 276
222 265
211 252
212 237
223 220
242 208
266 200
292 195
317 198
338 211
353 226
361 245
362 261
361 266
359 264
359 261
361 251
369 234
382 215
401 203
419 199
438 201
454 209
463 219
465 233
460 247
448 261
435 267
427 270
422 271
427 271
434 273
440 275
445 276
453 277
466 278
490 278
520 276
542 272
557 265
561 255
560 243
554 228
548 215
545 207
543 203
541 295
523 312
495 329
471 340
456 345
452 349
456 351
466 355
487 359
512 362
533 362
549 361
555 355
557 349
558 340
555 327
550 311
548 297
546 277
