113 206
113 191
125 175
144 155
164 140
186 132
210 131
229 139
240 160
237 185
222 209
204 226
194 231
191 228
193 226
196 225
203 226
215 230
228 237
237 248
237 258
230 266
218 273
205 276
191 277
179 274
168 264
164 240
171 211
185 184
205 166
235 155
270 154
299 163
317 177
330 196
334 215
329 234
322 255
317 271
311 277
318 268
335 247
356 224
376 211
396 204
417 205
435 215
449 228
455 246
455 266
450 279
442 292
431 300
420 305
410 304
403 300
400 292
402 277
412 259
429 240
448 227
470 221
488 222
498 228
507 238
514 250
517 266
512 293
496 319
475 342
449 361
412 371
372 375
337 377
314 376
279 375
