204 269
204 245
219 226
247 212
277 204
301 205
316 209
320 215
318 220
311 228
299 239
290 248
291 253
301 254
319 254
345 259
361 267
365 274
361 280
349 286
332 291
304 295
279 291
264 278
259 259
263 233
275 213
290 199
311 190
338 187
366 195
392 209
410 226
418 246
420 264
419 272
419 268
426 252
443 223
463 203
485 191
508 187
529 190
544 201
553 217
550 234
537 255
521 274
502 282
486 284
483 279
488 268
500 248
515 221
533 199
552 186
574 183
599 191
618 210
624 235
615 265
597 294
570 318
538 340
512 356
474 376
