141 265
129 242
129 223
141 206
166 187
200 173
228 170
244 173
251 181
252 191
247 203
237 215
229 222
227 226
233 228
247 230
277 236
299 246
311 256
313 265
305 271
290 276
265 278
235 277
210 272
192 261
186 243
191 221
206 201
232 181
263 165
296 160
329 166
359 181
381 203
393 225
399 248
398 266
396 273
395 275
395 271
396 260
402 237
419 216
443 205
469 199
489 200
501 205
505 212
503 220
496 233
484 249
467 262
454 267
446 262
448 253
457 233
475 213
498 197
527 188
559 189
586 203
599 224
597 253
578 281
545 308
502 340
458 363
426 376
382 401
