231 325
211 310
202 297
200 284
207 264
221 242
243 222
268 212
290 211
310 217
322 229
323 248
314 266
306 275
305 278
309 277
318 276
332 275
348 277
358 282
361 292
357 301
340 313
316 316
297 313
283 298
279 278
281 253
289 228
301 214
322 205
354 204
386 212
415 226
435 247
442 264
442 275
440 279
438 281
436 281
434 276
435 266
443 247
466 229
495 218
525 215
547 221
560 231
562 245
553 258
534 270
512 274
493 274
486 269
490 257
504 237
524 215
546 202
570 197
595 203
616 217
624 241
620 269
604 300
578 330
552 355
516 393
