144 291
132 275
128 260
128 242
132 224
153 205
190 190
230 185
264 192
290 210
306 228
309 247
296 264
277 272
269 274
271 272
277 271
289 271
306 273
317 278
321 285
315 295
296 307
270 314
249 315
229 312
215 303
209 286
212 263
226 236
250 211
282 190
318 177
353 175
380 184
401 203
416 226
424 251
428 274
428 288
426 300
426 305
424 304
422 298
422 287
425 267
430 240
437 217
444 198
455 182
474 171
499 164
528 164
557 170
578 182
592 199
599 217
595 236
578 257
558 272
537 277
522 275
520 261
529 235
544 207
565 183
594 169
625 166
649 175
664 196
668 224
657 261
633 302
600 342
564 375
524 398
460 434
