121 313
107 299
96 286
90 270
90 252
100 231
124 211
156 195
183 187
204 188
221 195
232 208
233 220
225 232
214 243
209 248
209 250
213 250
226 249
246 249
270 256
283 267
286 277
282 287
272 296
251 303
226 301
202 292
181 279
164 264
157 244
163 223
182 203
216 183
257 168
296 162
327 166
350 177
368 196
384 221
393 250
396 275
396 291
392 303
386 308
380 306
374 294
372 271
375 242
382 216
396 195
421 179
455 170
488 169
514 177
533 190
547 209
552 229
545 250
528 267
507 278
488 283
474 280
460 267
452 244
454 219
468 195
491 173
520 158
552 152
584 156
609 168
627 187
637 216
638 255
630 290
619 324
598 363
571 394
540 416
499 429
465 435
419 447
