143 214
131 199
129 188
137 175
158 158
187 144
217 134
245 131
269 135
285 147
292 162
286 176
275 187
263 195
254 202
249 204
248 206
250 207
259 209
278 215
301 226
311 236
311 253
301 266
288 273
269 276
250 275
238 268
228 256
223 235
227 210
238 188
254 169
275 158
300 155
326 159
346 169
358 185
363 210
364 232
363 247
360 259
358 264
358 255
361 244
375 226
398 210
422 198
443 194
463 199
478 209
485 220
486 235
482 259
473 281
459 299
444 314
435 317
421 314
411 309
404 296
403 282
408 262
424 238
445 217
471 205
501 197
527 197
550 208
564 223
563 250
549 287
518 321
474 354
433 387
398 408
367 415
324 429
