301 348
285 330
270 314
259 298
259 275
275 246
308 220
341 209
366 210
383 218
391 231
388 247
380 261
371 271
363 276
360 276
363 274
372 269
388 265
407 264
420 269
427 275
425 290
412 305
395 317
372 321
347 317
328 305
317 286
312 263
315 241
329 222
354 207
385 199
412 201
434 207
453 216
467 227
474 237
479 250
481 258
482 262
482 260
481 254
481 240
484 216
492 193
506 178
527 166
554 160
581 163
600 173
611 188
612 208
605 224
593 236
574 243
557 241
547 234
541 219
541 196
547 172
562 151
587 135
615 129
640 136
657 154
664 178
662 210
652 247
638 282
624 310
600 354
