250 307
236 282
234 262
244 241
265 220
295 207
327 202
352 205
367 214
372 224
372 237
367 248
361 254
358 257
360 258
373 256
398 255
425 261
440 271
442 280
437 286
421 295
393 300
363 299
337 293
318 283
307 269
307 247
320 222
340 202
364 189
392 183
421 183
447 191
467 207
478 223
483 240
485 257
483 266
481 267
480 261
482 249
490 230
506 211
526 205
548 207
568 216
578 231
577 246
567 259
552 264
532 262
513 254
503 241
505 225
520 210
543 195
568 187
597 186
627 191
647 206
654 225
647 250
629 277
605 303
577 330
534 366
