235 308
221 292
213 277
217 257
233 233
254 211
275 194
296 186
318 188
338 201
350 219
351 242
342 263
330 274
324 277
327 276
334 275
346 274
367 277
379 283
384 295
375 305
361 310
336 309
313 298
294 281
285 263
288 240
297 218
317 204
345 194
375 189
404 195
425 209
437 225
440 246
437 265
431 279
426 286
430 280
442 260
465 233
490 218
511 212
529 215
543 225
548 242
542 263
530 279
518 288
502 290
489 285
485 275
489 252
499 228
512 215
531 208
557 206
584 214
601 228
605 251
599 276
582 298
559 319
534 335
510 348
491 355
462 362
