126 239
115 216
124 193
153 168
196 147
243 135
281 135
302 147
308 161
304 177
293 191
283 201
277 205
275 206
278 208
288 212
305 220
319 231
326 243
328 253
325 262
311 269
288 272
260 268
235 259
223 242
222 218
234 192
255 165
282 146
318 135
355 137
384 152
403 174
411 203
415 226
417 237
410 242
403 243
398 241
395 234
397 221
412 199
437 185
468 180
496 179
516 186
526 203
528 223
521 242
506 262
487 274
466 276
448 271
440 254
447 228
466 200
491 175
521 159
555 152
588 155
615 169
629 192
626 220
611 254
589 285
560 311
531 335
507 347
471 363
