134 269
127 251
131 231
154 209
194 187
237 174
272 177
293 192
300 212
295 231
283 243
274 251
270 254
272 255
286 255
319 256
347 264
362 272
363 277
356 282
336 286
303 287
266 287
241 285
227 276
224 259
233 234
251 206
277 180
313 164
353 159
390 167
421 183
444 207
457 231
459 253
452 271
438 280
423 285
408 282
399 270
398 246
409 216
429 193
455 175
486 166
516 166
539 176
550 190
548 206
536 223
521 233
503 238
486 237
478 228
485 211
505 190
533 170
568 156
605 150
633 155
648 171
651 190
642 216
618 251
586 283
560 313
540 346
508 392
