163 273
150 257
143 243
142 228
151 210
172 187
205 168
240 157
265 155
279 162
288 175
287 191
280 205
269 214
261 217
258 218
263 217
275 220
289 231
300 250
299 266
290 276
278 282
260 282
241 276
226 260
220 236
224 210
237 186
259 168
288 151
321 145
347 151
366 166
379 185
388 212
393 234
393 248
390 259
383 262
378 255
375 242
379 224
389 199
407 180
430 169
456 165
482 166
503 175
514 191
514 213
506 232
490 241
471 244
453 240
444 229
446 211
455 189
469 172
492 163
520 159
547 162
568 174
579 196
576 224
565 256
549 283
526 305
499 322
473 331
438 346
