113 263
103 247
101 232
106 215
125 194
160 174
196 164
222 163
240 170
250 181
250 194
244 206
233 216
226 222
223 225
222 227
226 229
236 231
256 236
279 245
288 252
290 260
286 266
276 273
254 278
227 279
203 272
184 261
175 244
174 221
185 197
205 171
231 150
260 135
287 132
309 136
327 148
342 167
353 191
361 217
365 241
364 260
360 271
358 274
359 269
363 259
370 239
379 218
391 200
409 184
432 173
458 166
485 163
509 165
527 173
540 186
545 203
542 221
531 235
515 247
500 256
486 258
471 255
462 246
460 230
465 207
478 183
493 164
514 149
538 139
564 139
589 148
609 165
622 190
625 221
617 257
601 294
577 323
543 348
509 373
474 390
437 403
384 424
