217 290
210 268
212 249
221 229
243 212
276 203
310 204
336 213
349 227
348 246
334 262
320 270
316 270
320 269
329 269
341 270
354 275
362 280
363 287
358 295
341 305
315 308
294 297
277 281
270 263
275 239
293 217
321 204
357 199
396 203
427 215
444 228
450 245
448 261
443 270
441 274
439 275
438 273
440 266
451 245
473 224
495 213
519 210
538 214
551 224
556 242
551 261
537 275
519 282
506 285
501 284
500 279
503 265
515 241
535 219
561 207
588 204
614 210
632 224
635 249
621 275
599 299
573 321
542 340
514 350
472 356
