180 283
169 266
171 242
186 217
213 195
247 179
278 175
299 181
312 194
316 210
312 222
305 230
300 232
297 233
303 232
315 234
334 243
344 256
346 268
336 278
323 283
297 284
272 280
250 272
239 258
237 237
244 215
257 197
278 183
308 178
335 181
359 194
380 214
392 233
397 247
400 251
399 249
398 245
397 240
396 227
401 208
415 186
437 174
464 172
488 178
506 191
514 213
512 236
502 261
484 281
466 292
450 292
437 282
431 265
431 238
435 216
442 201
454 191
468 185
484 180
504 174
521 172
533 176
543 184
550 203
550 226
542 252
527 275
513 292
497 306
481 315
473 314
467 311
464 306
463 296
