178 272
164 257
157 241
153 223
159 203
177 180
204 160
235 144
264 135
287 137
303 147
309 162
303 177
288 191
277 200
274 204
277 205
286 206
306 208
337 215
357 228
365 239
364 254
355 266
339 270
313 271
282 267
256 257
241 241
234 221
240 200
257 177
285 159
321 148
360 147
392 155
416 168
434 186
443 209
446 232
445 252
443 266
441 268
442 266
445 256
455 234
471 205
490 181
509 166
532 158
552 160
567 172
575 189
572 211
564 229
551 244
535 254
517 256
499 251
488 237
490 218
507 198
531 178
562 166
597 160
627 161
648 170
658 186
655 210
636 239
606 270
572 300
538 324
490 354
