132 206
128 194
132 178
154 158
189 143
226 136
256 138
278 149
288 164
282 179
269 190
260 196
255 198
262 196
279 199
302 209
313 219
314 227
307 233
296 236
274 236
247 232
224 225
209 215
207 198
220 175
246 152
280 135
317 130
351 134
375 146
391 166
398 188
399 210
397 224
392 227
388 226
382 220
378 210
377 192
389 173
408 160
433 155
456 157
474 168
484 183
487 204
483 222
474 233
454 238
436 237
424 232
417 218
421 197
434 174
454 158
479 147
507 142
534 151
552 171
558 195
553 222
535 253
509 278
485 293
460 305
443 306
421 302
