290 279
282 259
289 238
305 215
331 197
361 188
386 190
405 200
414 215
410 231
402 246
394 255
388 257
393 255
408 254
432 254
456 261
467 269
460 277
443 284
420 288
393 287
370 283
348 276
335 262
333 242
342 221
362 206
391 192
424 183
457 182
485 187
502 199
514 215
522 230
523 240
521 251
517 258
513 257
511 248
513 234
521 215
531 196
549 184
574 180
598 186
614 201
621 217
616 230
603 237
591 239
576 237
566 230
563 215
572 195
591 179
616 170
644 168
668 173
681 184
685 202
680 225
662 254
638 282
618 308
588 348
