115 305
106 297
100 289
97 280
96 268
97 249
105 225
125 205
156 188
188 179
216 181
236 193
247 210
244 226
231 244
219 256
213 260
215 261
222 261
240 264
267 269
287 276
294 283
291 291
282 298
265 302
237 301
213 298
193 292
180 280
175 262
180 237
197 213
220 191
249 175
282 166
314 167
343 176
369 192
388 212
400 232
405 256
404 275
398 282
387 284
378 281
369 272
361 250
362 225
371 203
384 183
407 168
439 159
473 157
500 160
519 168
531 179
537 193
536 209
530 229
518 253
505 274
492 285
480 298
471 309
458 316
448 320
442 322
439 324
438 326
438 328
