125 311
109 294
104 277
116 255
149 231
194 213
236 208
267 215
289 227
300 247
301 267
292 280
285 283
282 282
281 280
282 277
287 273
300 270
320 272
345 279
363 291
374 304
374 312
367 318
355 323
333 327
301 329
271 328
250 322
234 310
226 293
228 268
240 241
261 218
289 199
325 189
360 192
388 205
407 224
421 253
428 280
431 301
431 319
430 323
426 320
423 312
426 294
438 264
452 238
473 221
498 210
524 206
548 209
567 223
581 247
584 272
578 292
566 312
547 325
524 328
505 326
497 312
500 286
512 250
531 211
553 171
578 136
615 87
