115 245
104 232
102 221
107 204
125 183
154 167
190 155
225 152
250 157
265 167
273 180
271 192
263 200
254 206
249 209
247 210
249 211
258 213
281 218
308 226
319 231
321 238
314 245
298 253
267 257
238 257
216 253
203 242
195 226
195 205
204 181
218 163
239 150
265 142
291 143
318 153
345 166
367 182
382 201
392 218
397 228
396 231
393 231
391 229
390 223
394 213
407 199
430 183
453 175
477 173
494 176
504 182
511 191
510 203
503 217
490 229
473 236
459 236
447 230
436 216
433 194
441 170
459 149
489 134
527 127
566 128
601 138
626 159
638 186
637 219
625 260
604 297
572 328
533 353
496 374
461 386
409 403
