103 267
93 252
87 239
87 223
94 200
115 178
148 158
184 146
213 144
236 150
251 162
255 176
252 193
242 211
230 225
223 233
225 237
232 237
244 237
262 238
286 244
302 254
308 263
308 271
298 278
271 284
242 285
218 282
195 274
181 261
174 241
176 218
186 195
207 175
237 160
271 153
307 154
338 165
358 183
370 209
382 232
390 254
388 272
377 279
365 281
358 279
351 271
349 252
356 223
367 197
382 175
405 158
437 147
474 143
504 152
524 169
536 188
544 213
546 236
537 255
522 268
502 268
481 259
470 243
467 224
472 204
486 185
508 169
541 157
579 150
610 151
631 162
644 180
646 209
639 245
626 281
607 313
579 344
548 366
522 380
499 388
461 397
