265 290
256 274
256 257
263 237
279 217
301 205
325 201
345 206
360 217
366 232
359 253
350 271
347 276
352 275
368 272
388 271
410 276
426 284
430 295
424 306
409 312
382 316
354 313
331 303
312 285
303 261
307 234
322 213
348 200
379 193
412 196
445 208
469 223
481 240
484 258
480 274
473 281
463 284
456 280
454 269
465 245
487 222
513 208
542 202
569 205
588 217
594 233
584 252
564 267
540 272
522 272
515 264
516 247
527 225
546 208
570 195
599 190
630 197
651 212
657 231
645 260
621 294
596 323
563 366
