272 225
267 213
265 200
271 184
290 161
316 142
343 129
369 121
392 118
408 120
417 125
422 131
423 135
422 140
418 148
409 157
399 164
389 170
382 175
377 179
373 183
369 188
367 193
366 198
367 202
370 206
378 210
391 213
404 215
414 218
421 222
425 225
428 230
429 234
428 239
424 244
418 249
410 253
404 255
400 257
398 258
396 260
394 262
394 265
396 269
400 275
407 282
416 289
423 295
429 302
433 307
434 312
432 317
425 324
409 333
379 339
346 340
312 340
278 339
245 337
217 329
195 316
178 300
166 278
156 252
149 227
146 203
147 178
158 153
174 128
199 102
230 79
256 62
279 51
302 45
334 35
