243 173
228 190
223 213
222 239
227 268
240 291
255 306
270 312
283 307
292 297
299 283
309 260
321 233
336 210
358 190
384 177
408 175
427 183
441 199
450 220
451 243
443 264
428 279
409 290
391 295
378 294
370 282
369 265
376 241
389 220
402 208
418 190
272 332
264 346
260 363
259 375
261 383
267 388
276 389
294 383
313 370
332 354
350 336
366 319
380 307
393 301
404 301
412 304
419 312
428 326
434 343
435 361
428 378
417 390
405 397
393 398
384 393
378 381
377 363
386 337
399 318
411 304
431 281
