150 245
143 235
144 226
154 218
175 212
203 211
224 217
234 227
236 242
228 255
219 265
212 271
210 273
215 272
233 268
271 260
309 257
345 255
374 254
396 253
411 251
421 247
428 240
434 233
438 224
440 215
440 202
439 191
438 183
437 180
435 179
431 182
420 192
391 208
357 214
320 212
292 207
274 200
265 188
266 175
276 164
291 155
310 150
327 151
337 159
342 172
344 191
345 215
352 235
362 264
424 260
411 264
396 269
381 274
371 281
367 285
369 289
377 292
395 295
426 300
446 308
457 316
459 324
451 333
435 341
409 345
390 344
381 336
379 327
375 314
