272 220
292 219
318 228
335 244
330 259
308 268
280 270
251 267
223 259
202 249
192 235
194 218
213 200
246 180
284 166
322 160
353 165
375 177
386 193
387 208
380 219
367 228
352 234
340 238
336 240
347 238
371 236
401 241
423 250
434 260
432 265
419 269
390 273
353 278
313 285
274 293
238 298
216 304
208 308
210 313
226 318
265 321
314 320
365 316
410 311
438 308
458 309
492 307
494 260
494 268
485 275
458 276
431 268
414 254
409 238
412 221
426 207
449 192
477 181
507 175
535 173
558 177
573 188
579 200
577 208
570 215
560 219
549 223
543 224
541 224
548 223
567 224
600 228
624 234
637 243
638 251
631 256
615 263
584 270
546 275
507 282
469 290
441 295
428 300
428 304
440 309
464 313
501 314
543 313
581 312
609 309
628 308
658 310
