294 230
311 236
323 248
323 259
312 267
288 270
262 266
241 257
230 245
227 229
237 212
254 194
278 180
305 173
331 173
352 180
364 193
366 207
359 217
350 224
341 227
337 228
342 227
362 226
397 228
421 231
434 236
429 244
411 253
382 262
349 271
317 277
287 284
266 292
256 296
258 299
273 301
303 302
343 302
382 300
418 298
446 298
463 297
491 295
495 246
496 250
493 256
481 259
464 257
447 250
438 240
435 229
438 215
453 197
477 185
505 179
529 176
550 180
564 190
566 202
559 214
546 223
530 229
514 232
506 231
504 229
508 227
520 224
545 219
573 220
594 225
604 230
608 237
604 243
594 248
575 253
544 256
512 260
482 266
461 274
446 287
441 299
449 306
470 311
499 308
535 304
569 302
594 301
611 300
617 302
624 305
