307 227
320 227
329 231
333 241
327 253
307 264
284 266
265 261
249 251
240 239
237 225
243 210
259 192
285 177
314 169
341 167
364 172
377 182
379 196
371 210
364 218
358 224
356 227
359 228
372 227
402 224
428 224
445 227
450 231
449 233
443 236
424 244
391 254
354 263
313 272
278 280
258 289
252 297
256 302
274 304
306 303
347 298
388 292
425 285
456 283
472 282
495 278
506 233
517 233
524 235
528 238
525 242
514 246
491 248
465 243
447 233
439 221
443 208
454 194
474 179
502 169
531 164
557 165
576 171
584 181
582 192
572 203
555 215
536 224
524 228
522 230
525 230
536 229
556 228
584 228
602 230
609 234
610 240
603 246
589 254
560 264
528 273
494 280
463 289
447 298
444 304
455 307
477 309
508 310
547 307
583 302
612 298
631 293
639 291
651 291
