140 172
145 174
149 175
153 177
155 178
157 181
158 186
156 192
150 200
143 205
136 209
131 211
128 211
126 211
124 208
124 203
127 194
134 181
144 166
157 150
173 133
190 119
209 107
230 96
251 89
272 84
294 80
314 78
333 77
350 78
363 82
372 87
380 93
388 102
398 112
409 123
418 134
425 146
429 162
432 184
436 203
442 220
447 240
450 257
453 277
453 296
450 317
448 338
445 357
442 374
441 385
440 394
439 401
438 407
438 412
438 415
438 417
438 419
436 416
433 405
428 377
424 347
423 319
425 290
430 263
440 236
453 212
464 189
478 168
493 150
505 135
516 126
525 120
530 118
533 116
536 116
539 116
545 117
556 120
573 128
595 139
605 149
610 155
612 159
613 163
615 169
618 178
623 190
628 202
631 212
631 219
625 230
612 244
594 260
581 269
575 273
571 276
569 278
567 279
569 277
572 275
577 272
589 269
620 267
658 269
687 276
701 284
707 293
709 298
709 301
709 304
707 310
702 317
694 329
683 343
673 354
662 364
649 371
637 376
619 382
601 386
587 389
576 392
564 394
553 396
544 398
538 400
534 401
532 402
532 404
