184 234
181 215
185 203
200 191
225 182
253 183
277 196
294 217
304 244
306 272
297 295
286 310
279 315
272 315
264 311
255 304
246 294
242 284
241 279
241 277
232 291
214 309
191 319
171 321
151 320
138 314
131 304
132 292
141 276
168 258
211 246
261 239
313 238
361 245
396 255
415 267
418 279
410 292
397 303
378 313
349 325
233 365
236 374
234 385
222 394
208 398
191 397
175 390
163 379
159 366
166 349
181 333
203 323
224 321
242 326
254 339
259 352
260 365
263 376
269 387
282 392
302 389
324 380
339 369
346 356
346 342
343 330
338 322
333 316
324 307
