275 174
296 168
314 172
328 183
336 200
333 220
321 239
308 253
293 261
282 259
274 254
268 247
266 241
266 237
269 239
271 245
269 256
259 267
233 278
206 280
182 277
168 269
167 257
182 242
217 229
264 220
314 215
359 219
389 229
402 244
400 260
390 272
377 288
260 336
264 332
270 332
274 334
276 338
274 346
263 354
246 358
223 358
207 351
201 338
201 325
209 312
230 302
253 300
273 304
290 313
303 323
313 333
322 342
330 346
341 349
352 348
363 344
372 335
378 319
377 300
374 285
372 278
370 275
