297 124
315 106
341 98
365 98
382 105
395 121
402 140
401 167
394 196
383 218
368 236
358 244
354 245
351 240
348 233
344 221
339 208
335 199
333 195
332 193
327 197
322 208
316 221
308 232
297 241
278 249
251 250
229 242
216 228
214 212
223 190
247 167
286 146
332 134
375 130
411 135
433 151
441 173
439 192
431 211
415 224
399 230
391 233
377 237
289 286
297 290
305 298
309 309
307 318
298 327
288 330
273 330
256 322
243 310
235 291
239 269
252 251
271 240
293 237
311 244
325 255
333 269
336 287
337 299
338 309
343 315
348 316
356 313
367 304
380 287
390 264
389 252
385 241
378 234
368 225
