216 199
244 207
262 220
268 234
258 242
239 246
215 248
190 244
172 233
165 221
170 203
189 183
217 166
244 155
271 150
293 155
306 167
315 183
320 206
322 225
323 234
325 233
327 228
330 218
337 199
346 178
355 165
365 159
373 157
380 159
387 164
393 174
398 188
400 202
399 212
398 215
399 213
402 203
411 186
426 167
444 154
461 149
476 149
487 155
493 163
495 173
489 189
475 207
458 222
439 234
426 243
423 250
428 253
439 254
458 250
487 244
514 240
535 238
549 237
554 234
550 230
545 225
538 217
529 204
523 193
521 183
524 174
532 163
