186 290
186 283
194 276
207 273
225 274
244 284
248 300
240 319
227 334
210 346
192 350
171 350
153 343
140 325
130 301
120 274
113 245
115 217
125 189
140 163
162 139
195 121
233 112
271 115
304 129
330 151
351 178
369 209
379 242
382 278
382 310
383 339
381 361
380 371
379 373
379 369
377 358
370 333
361 297
354 262
349 230
349 199
358 170
379 143
409 119
446 99
484 87
516 84
536 85
547 92
552 105
551 119
544 140
530 163
512 184
499 199
495 205
495 207
499 207
513 207
543 206
572 208
593 213
603 223
603 235
594 249
573 268
548 287
526 299
506 309
491 313
484 312
485 307
486 304
