302 129
327 121
354 112
373 103
384 96
384 89
376 84
362 81
344 82
319 90
301 102
289 114
282 125
281 134
284 140
292 149
304 159
329 173
354 181
378 185
400 186
420 187
437 189
449 191
463 195
474 200
482 211
486 221
487 235
483 254
475 272
458 289
438 304
415 315
386 318
362 318
345 312
335 295
333 271
336 244
345 217
360 194
383 175
409 162
438 151
466 143
489 137
507 132
521 125
529 117
532 109
531 102
528 95
522 88
515 83
506 78
494 74
480 72
466 74
455 77
449 80
446 84
446 87
449 91
461 96
490 102
