351 103
360 98
368 92
375 87
377 81
376 76
370 70
357 66
335 66
313 73
300 81
295 88
291 96
291 105
296 118
307 130
326 140
345 148
365 152
386 155
403 159
421 164
438 169
454 175
467 182
475 188
481 195
483 206
485 217
483 229
480 242
472 255
460 267
449 274
435 278
420 277
400 273
374 267
350 254
335 235
331 216
334 197
342 179
358 165
383 151
412 138
440 128
465 120
485 113
499 105
510 96
516 90
518 84
517 79
512 73
502 66
487 57
468 50
451 47
441 46
433 48
429 52
427 56
426 61
426 65
428 69
437 73
454 75
486 73
