202 217
221 224
230 236
231 255
220 268
206 274
184 275
165 271
153 261
147 242
150 221
162 204
180 189
204 178
234 174
258 179
277 193
289 210
293 226
295 238
297 247
298 250
298 248
299 241
300 229
305 206
314 181
326 166
338 159
350 159
361 165
372 175
381 191
388 209
391 222
392 230
393 232
395 230
399 222
406 206
417 180
428 163
440 156
452 154
461 157
468 162
473 170
477 184
480 198
480 214
482 224
486 232
491 237
500 238
512 237
526 231
538 222
545 210
547 195
545 183
544 175
542 171
541 175
545 188
554 207
574 224
592 232
610 234
625 231
637 224
644 212
646 195
642 175
633 153
621 137
613 131
606 129
599 130
592 134
586 139
582 147
582 154
587 160
600 164
632 166
