179 218
196 226
204 247
192 268
168 277
136 279
110 275
94 265
90 249
97 227
118 202
145 181
172 170
198 169
219 177
235 192
244 210
247 227
245 246
244 259
245 263
247 260
250 252
254 237
262 215
276 190
293 172
308 165
324 166
336 175
347 193
353 213
355 229
353 244
350 251
348 251
348 246
351 233
359 209
372 185
384 170
398 163
410 163
416 166
421 173
424 184
424 201
420 221
416 245
419 263
428 273
439 279
454 280
467 277
480 269
491 254
497 234
499 213
499 200
499 196
501 207
507 229
518 257
532 273
552 283
570 289
587 287
601 277
613 265
623 247
627 225
626 206
620 187
613 173
607 168
600 168
591 171
581 178
573 188
570 198
574 208
585 216
611 232
