169 225
166 221
165 218
165 215
166 212
179 195
218 171
265 155
313 152
354 161
386 176
403 195
404 215
391 230
368 240
339 248
310 251
289 242
281 226
285 207
296 186
319 169
352 157
391 150
431 153
465 164
491 180
506 202
508 224
502 246
492 266
482 282
476 296
475 309
477 314
486 315
506 311
536 297
570 281
597 264
617 243
630 220
633 198
632 182
631 176
630 179
629 188
628 213
627 250
629 284
632 309
638 327
646 343
658 351
669 342
679 325
690 302
698 274
701 242
702 207
699 176
696 156
695 145
695 140
