77 349
53 339
41 333
36 327
35 322
37 309
49 282
72 255
102 236
139 225
174 227
203 240
221 260
229 283
226 306
212 325
193 340
173 347
156 343
146 328
144 306
148 282
161 260
184 241
212 229
242 229
266 240
280 258
286 281
284 305
279 324
276 344
276 362
280 370
290 374
305 373
327 366
349 350
370 328
385 301
394 276
397 255
397 236
395 225
393 223
394 226
396 237
400 261
404 294
412 322
424 346
433 364
439 371
451 374
464 372
485 362
504 340
518 308
525 274
522 240
511 214
501 196
493 186
490 183
489 185
