150 131
137 140
129 154
125 177
128 202
137 221
151 231
168 234
186 231
199 222
212 207
221 190
230 172
242 154
258 141
277 138
295 143
308 155
315 172
315 184
309 194
298 201
287 202
275 198
267 189
264 171
274 145
289 129
306 121
329 116
354 115
374 120
390 130
400 141
401 155
399 170
392 182
381 195
370 206
363 213
360 216
360 219
363 220
376 221
410 217
442 214
473 212
499 212
517 213
528 212
530 211
529 209
525 205
515 197
498 183
482 167
475 149
477 135
485 126
501 118
528 114
560 114
588 120
610 131
624 144
628 160
623 177
609 188
588 195
568 197
553 196
546 192
545 184
550 172
559 154
572 133
590 104
