157 181
150 203
156 223
173 237
201 247
229 248
252 241
271 232
281 219
284 203
283 187
283 171
287 151
299 135
321 127
349 126
373 135
390 151
398 171
394 189
384 203
369 212
355 212
345 206
340 194
340 176
348 149
365 127
385 114
407 108
429 109
451 118
469 134
478 154
480 177
477 202
468 224
456 241
443 253
428 257
420 259
418 260
424 260
435 259
457 258
486 259
510 259
532 260
551 263
566 263
574 260
578 259
578 256
577 252
575 245
572 236
569 227
567 220
565 215
562 209
559 202
557 193
556 182
559 170
569 157
588 144
611 139
632 144
650 156
661 175
663 197
660 220
655 245
649 266
642 278
638 281
632 280
626 277
620 269
617 254
617 233
624 208
636 187
649 162
