216 152
206 175
204 205
210 233
229 257
251 270
274 269
297 254
314 235
325 215
337 193
350 175
364 166
379 168
394 180
407 200
410 221
405 237
399 243
388 244
373 239
363 228
358 206
363 186
377 173
396 164
416 160
434 160
450 163
461 170
469 179
474 192
471 209
461 226
449 241
436 253
424 259
412 262
408 264
413 266
420 267
432 268
453 268
470 268
496 268
515 268
530 269
544 271
554 273
560 273
564 272
567 271
569 267
570 258
567 240
558 211
550 184
544 166
543 154
547 147
557 142
573 140
595 145
618 155
637 169
652 185
662 207
662 229
652 250
632 267
613 271
599 266
592 250
593 232
602 212
614 192
631 181
655 167
