241 195
248 192
262 194
277 204
292 222
291 241
279 257
258 266
235 267
214 261
200 246
192 228
188 210
194 187
207 168
224 157
246 151
269 153
287 164
299 179
305 197
307 215
309 226
310 230
313 226
318 215
328 198
343 177
359 165
372 161
382 163
389 170
392 180
390 194
386 207
381 215
380 218
381 215
386 204
400 180
418 159
434 147
452 142
465 147
474 158
478 172
477 192
471 214
463 241
266 297
274 300
283 305
287 312
284 320
277 328
268 333
256 334
246 329
237 320
233 306
235 287
247 264
263 251
282 245
299 246
312 253
323 262
331 273
335 284
335 294
335 299
335 302
336 296
340 284
348 266
358 251
367 242
375 238
383 239
391 244
397 254
400 265
402 278
402 288
401 294
403 294
409 286
420 271
434 256
444 250
453 248
461 249
465 254
467 257
