199 169
217 176
236 192
245 212
241 226
230 236
213 237
193 234
175 227
165 215
162 197
169 175
190 156
215 141
241 134
263 139
281 152
293 167
297 185
296 199
294 207
293 210
294 206
298 194
309 174
325 155
338 148
351 147
363 152
374 162
383 176
390 193
393 207
392 214
390 215
391 209
395 194
407 166
423 145
440 136
458 135
476 142
489 156
494 173
490 195
477 216
461 247
240 270
251 275
258 285
258 296
250 306
234 313
214 312
198 307
190 296
191 278
204 259
225 245
248 236
270 235
288 241
302 252
313 266
319 283
320 295
321 298
321 295
323 285
330 264
342 239
356 223
372 217
385 220
398 230
409 243
415 259
418 273
419 283
419 289
417 285
418 276
426 255
437 239
450 228
465 226
477 229
489 241
493 263
492 284
493 313
