287 223
304 232
315 251
316 270
309 281
292 289
269 295
248 293
231 282
223 266
223 242
230 219
246 200
270 185
294 178
318 178
337 187
346 203
350 220
350 233
349 247
347 254
347 256
348 253
352 245
362 229
378 210
397 196
416 192
428 199
437 211
441 226
441 250
438 268
436 275
435 277
435 270
438 254
447 227
462 207
477 194
493 188
508 189
526 198
538 215
544 233
545 255
548 292
268 328
275 322
290 316
312 320
331 330
334 340
329 347
322 353
309 355
293 355
274 351
261 343
255 332
258 317
271 304
292 295
316 292
338 295
354 304
365 315
370 327
372 336
372 342
371 345
371 342
373 334
378 319
387 303
400 289
415 281
429 281
441 288
448 299
450 310
448 323
446 332
445 338
445 340
447 337
454 326
465 308
480 293
496 286
517 286
535 297
545 312
550 327
545 339
538 361
