220 246
204 232
196 217
196 198
204 176
218 158
237 146
256 143
269 151
281 165
290 184
295 205
297 220
295 229
294 225
293 212
296 191
304 168
315 157
325 152
332 153
339 158
343 167
346 183
347 205
350 226
360 242
375 251
395 252
415 243
433 229
447 214
454 191
453 169
448 153
442 141
435 137
428 137
418 137
395 253
423 252
458 256
490 262
516 267
536 267
549 264
555 257
556 247
553 232
545 215
532 194
519 178
508 170
502 167
496 166
491 167
485 170
478 176
472 186
468 202
467 226
472 251
480 281
