167 308
152 291
147 273
149 257
162 239
187 222
221 212
255 212
284 220
307 238
319 260
321 278
316 295
303 307
285 310
269 304
257 293
252 275
256 252
270 229
292 210
317 195
343 188
365 193
382 206
394 222
399 246
400 272
399 296
399 315
400 322
402 324
406 320
411 310
416 290
417 262
417 239
419 221
428 210
445 201
465 197
485 199
502 208
515 221
523 239
522 259
511 279
491 299
463 317
432 333
406 346
392 353
390 357
397 356
413 353
438 346
468 341
500 334
524 329
537 328
540 327
539 325
537 321
533 313
525 295
517 272
509 241
