240 160
263 156
296 162
324 176
339 194
337 210
319 220
293 227
266 230
239 233
218 237
205 241
201 241
209 240
231 238
269 236
315 234
360 234
401 239
436 243
460 241
471 235
471 228
468 219
461 206
453 188
446 170
442 157
441 147
442 141
442 138
243 295
238 278
245 271
264 266
284 264
306 268
315 274
317 279
312 287
304 295
290 304
267 315
245 323
227 330
218 333
222 334
232 335
255 336
289 338
320 341
346 343
366 344
377 343
379 341
379 339
377 338
372 334
362 328
351 319
344 310
343 300
350 288
369 275
397 268
424 270
444 279
456 291
459 301
456 312
448 321
434 330
420 334
409 332
403 325
402 314
405 301
413 288
426 277
447 269
