259 199
279 188
311 189
335 195
349 208
352 221
337 235
309 248
280 259
248 266
218 272
196 276
188 277
193 277
209 275
244 273
292 270
339 269
381 267
415 266
436 264
448 259
453 250
453 240
449 225
445 210
440 189
436 175
434 170
240 308
240 299
248 288
267 279
294 277
314 284
323 295
322 306
314 316
298 326
277 337
258 344
243 347
231 349
228 350
230 350
238 349
257 347
288 345
320 343
350 342
378 341
402 339
414 338
419 338
414 334
402 327
387 317
377 306
375 296
379 286
392 276
414 272
439 274
458 283
468 294
472 302
470 311
463 318
452 324
438 328
427 327
421 321
419 313
420 304
427 293
445 271
