128 293
116 279
106 269
99 257
95 244
98 231
113 214
140 199
174 188
211 187
241 197
260 214
268 232
264 253
249 271
230 278
212 280
200 276
194 265
194 245
203 220
218 200
238 183
261 173
284 173
303 182
315 199
322 219
325 241
325 263
325 277
329 282
331 283
333 281
336 275
340 259
347 234
354 212
364 196
374 184
388 178
404 178
418 185
434 200
448 218
457 238
460 258
457 273
449 281
440 284
430 283
419 278
407 266
402 242
406 218
416 197
433 179
456 168
482 166
506 171
524 186
532 207
527 228
512 252
495 272
483 286
469 305
