157 323
143 315
132 305
126 291
126 275
132 255
151 234
177 218
205 211
233 212
254 221
268 239
275 257
274 273
266 289
252 297
239 300
228 297
222 289
220 273
225 247
239 225
260 210
284 199
310 196
331 201
344 213
353 227
357 247
359 268
360 287
361 302
361 306
361 302
361 293
360 274
360 249
362 228
367 216
377 208
391 201
405 198
418 199
430 205
441 213
453 229
458 252
456 271
453 289
452 304
454 312
461 317
470 319
484 318
502 311
519 300
530 284
533 267
532 245
526 224
517 210
510 203
507 201
506 199
