176 281
159 272
152 266
149 262
147 258
147 254
151 245
163 230
189 213
217 199
250 191
284 192
314 203
335 217
342 232
339 247
329 259
315 264
300 264
286 260
275 251
269 235
270 215
280 197
297 182
318 175
341 173
364 180
383 194
395 212
400 228
399 246
398 261
397 266
396 268
396 266
397 259
400 245
404 225
411 204
418 186
426 173
435 164
441 160
448 158
454 157
462 157
472 158
483 161
492 164
500 168
507 174
514 182
519 191
522 201
521 210
520 216
519 222
519 226
519 229
520 232
523 235
526 237
528 238
530 239
532 239
534 240
536 241
538 241
540 242
542 243
544 243
549 243
560 243
575 240
588 234
598 224
606 212
609 194
604 173
594 158
586 146
582 140
580 138
