171 172
160 197
161 224
171 250
185 271
205 281
228 280
251 272
268 257
278 237
284 217
289 197
294 177
306 159
325 146
350 142
373 148
392 163
407 183
413 206
406 226
392 242
378 250
364 245
353 234
349 221
348 201
351 185
356 176
362 164
205 320
217 322
232 327
242 335
246 341
244 346
236 350
221 352
205 349
193 342
188 329
190 313
201 294
220 277
245 266
272 265
291 274
304 288
311 301
314 314
316 329
319 339
325 345
335 346
351 343
371 331
387 315
394 298
391 281
386 265
380 254
374 248
369 246
362 244
