132 312
138 307
148 307
158 311
165 322
163 337
153 350
137 355
124 352
114 344
108 328
107 307
115 284
130 262
149 247
174 237
202 236
227 245
242 260
251 277
261 294
268 305
271 310
272 308
272 300
273 283
277 257
285 235
295 222
306 217
318 218
330 225
341 240
350 262
354 282
355 301
355 312
354 310
352 304
349 292
345 268
345 240
350 216
361 202
374 191
385 186
397 191
407 198
414 208
420 220
424 240
426 262
429 275
436 286
444 291
454 294
467 291
480 286
494 276
502 265
507 250
505 234
500 221
496 213
493 209
492 211
493 218
499 233
512 254
535 269
556 273
577 271
593 264
602 253
608 239
607 221
599 200
587 181
579 170
572 167
567 166
559 163
