166 293
170 285
179 282
191 284
202 292
207 302
206 313
200 325
187 335
169 341
151 337
139 328
130 311
127 288
132 260
144 236
161 215
186 199
212 193
237 198
257 210
270 228
278 253
282 276
283 295
284 309
284 312
283 310
282 301
282 283
285 252
291 226
296 208
304 193
314 184
324 183
333 188
343 199
352 215
360 238
362 260
364 275
366 285
367 290
367 281
368 259
370 231
373 209
380 189
391 176
404 171
417 172
427 180
437 193
443 213
445 237
444 264
442 288
444 310
451 326
459 333
470 331
482 325
493 313
506 290
514 266
517 242
518 219
518 205
517 197
515 200
516 209
518 228
526 258
536 284
546 303
557 315
569 321
581 322
588 318
594 308
598 291
599 262
596 233
588 206
581 183
577 166
576 157
577 154
