160 302
147 286
143 271
148 255
165 234
198 214
237 202
272 202
298 212
317 228
327 252
325 275
318 295
306 310
288 316
271 313
258 302
251 285
251 262
258 240
275 222
299 209
328 200
356 200
379 209
395 221
406 240
412 261
415 284
417 303
422 315
424 321
423 319
423 311
422 292
423 263
426 235
437 210
451 190
467 175
486 167
504 165
517 167
527 172
532 178
534 186
533 196
526 208
513 222
501 235
495 243
494 248
495 252
500 256
513 261
538 268
563 276
578 286
580 295
575 305
565 316
546 327
524 332
511 328
504 321
493 311
