161 317
147 305
138 294
133 281
133 265
141 243
163 220
195 204
231 193
266 194
295 205
316 218
331 237
333 257
325 274
309 289
287 299
266 301
253 296
245 285
244 268
252 243
265 216
283 195
305 177
329 167
354 166
371 176
383 194
391 215
397 238
398 261
398 276
397 288
396 295
396 297
396 292
397 279
397 254
399 226
403 201
408 180
417 162
433 145
455 134
479 128
501 130
518 136
530 147
535 157
536 165
534 173
528 180
516 188
503 197
492 204
485 210
482 215
482 219
484 224
492 231
511 239
540 246
560 252
570 259
576 266
576 274
570 284
555 293
531 299
507 299
489 290
465 276
