270 233
289 242
300 253
304 263
297 270
285 273
266 272
247 264
237 252
234 233
242 213
255 195
276 180
300 172
325 172
347 180
363 196
371 213
374 228
373 242
372 250
372 252
373 250
374 244
376 230
381 206
389 181
402 165
420 158
440 158
456 165
466 177
470 195
466 215
456 231
444 246
429 261
420 270
419 273
425 275
440 275
467 273
499 270
527 267
547 264
558 260
560 255
559 247
555 237
549 223
542 206
539 190
537 182
537 178
181 205
174 233
168 261
165 287
169 310
182 330
207 344
241 354
276 359
307 359
330 356
347 351
354 345
364 336
