213 252
227 254
239 258
246 265
250 275
251 287
248 298
242 308
234 315
225 319
213 321
201 320
190 316
181 309
175 300
172 289
171 277
173 264
176 251
183 239
199 225
223 215
246 210
271 210
293 213
313 219
329 227
341 238
348 249
352 258
354 266
353 276
350 284
346 291
342 296
338 300
334 303
331 305
329 307
327 308
325 309
322 310
319 311
317 312
315 313
316 315
324 316
339 317
360 318
380 318
397 318
409 317
420 317
428 317
433 316
436 316
438 316
440 314
440 312
440 307
439 296
436 281
432 263
427 247
424 236
423 228
422 223
421 221
421 219
423 219
