134 207
152 193
183 188
209 194
226 207
233 220
229 236
218 248
207 256
200 260
198 261
205 260
222 257
248 251
265 249
272 248
275 247
273 247
271 248
269 249
267 251
263 253
251 256
222 259
191 259
163 255
142 248
127 237
115 223
110 210
110 189
122 166
147 142
180 121
218 108
265 102
317 105
365 117
403 135
431 158
449 183
458 208
461 233
457 256
448 271
441 277
444 276
450 274
458 273
465 272
469 272
472 272
476 272
486 272
506 271
532 268
551 264
560 260
564 256
565 250
563 243
557 231
547 213
536 188
528 164
523 140
520 122
517 113
518 110
520 109
