237 237
240 230
246 221
258 215
270 215
279 216
285 220
288 227
287 235
284 241
281 245
280 247
281 249
286 249
298 249
315 250
335 250
352 250
365 250
374 248
381 245
385 243
387 241
387 238
386 236
384 234
380 230
376 225
370 220
365 216
361 215
358 214
356 214
354 214
352 215
349 220
348 229
347 240
348 252
349 262
351 272
352 281
353 287
354 290
355 292
356 294
358 295
361 296
364 296
372 296
388 295
407 294
432 293
449 292
460 292
469 292
473 292
476 292
478 291
478 288
478 285
478 279
477 268
474 250
470 233
467 223
465 218
464 216
466 215
