157 264
161 255
175 244
200 238
223 239
240 245
248 251
250 257
249 261
248 265
247 269
247 273
252 278
273 286
311 290
346 290
372 292
387 290
388 285
382 281
370 273
357 261
345 249
343 234
347 221
361 208
388 199
418 196
445 199
466 208
481 222
490 242
488 263
484 293
260 341
258 338
262 340
266 344
270 351
268 360
256 367
233 370
208 366
193 355
189 340
193 326
208 311
232 300
258 295
284 295
311 302
334 314
351 330
368 345
384 355
399 361
419 361
442 358
460 351
473 340
478 328
474 314
468 303
463 296
460 294
