202 282
192 271
189 264
195 256
211 249
237 245
261 250
274 261
278 273
271 287
262 300
252 310
248 314
250 316
259 316
282 314
313 310
340 306
358 302
367 299
370 297
369 295
366 293
360 287
350 278
342 266
340 254
351 238
374 223
400 217
428 220
452 229
466 243
470 262
465 278
452 288
436 301
292 359
298 359
303 361
306 365
302 372
294 378
280 383
267 385
255 381
249 375
247 365
252 351
271 333
299 319
327 315
348 318
365 327
377 338
386 349
394 360
400 366
411 370
423 370
434 367
447 358
455 345
459 331
456 315
451 307
447 302
443 296
