103 269
116 260
139 253
163 251
180 256
190 263
194 270
193 277
189 283
185 288
181 291
179 293
192 291
224 285
254 282
282 281
301 279
313 277
317 276
317 273
313 269
307 261
298 246
292 228
289 211
294 191
309 174
333 162
360 158
388 161
415 171
433 189
443 208
443 226
437 246
433 274
241 323
247 327
251 334
249 343
241 350
226 357
209 358
195 354
188 348
185 338
189 324
205 308
230 299
252 295
267 299
278 309
284 319
288 331
290 341
294 348
302 351
312 350
324 345
335 335
341 324
343 310
339 297
333 286
320 268
