163 232
156 225
151 217
150 212
154 206
166 198
186 192
209 193
225 201
237 211
245 222
249 235
250 246
250 252
251 256
251 254
251 252
251 250
251 248
254 248
268 249
299 251
329 250
356 249
377 247
393 245
405 239
410 234
413 229
413 221
411 209
407 188
402 160
396 135
392 117
390 106
386 88
269 303
275 309
278 316
279 323
278 328
275 331
272 332
265 330
257 321
250 306
249 290
252 278
257 268
264 263
273 261
284 264
297 275
310 294
321 315
333 331
348 341
362 341
374 338
385 330
393 320
398 307
399 289
395 272
389 261
384 253
380 249
378 246
376 244
