154 248
146 232
156 216
175 201
196 191
218 188
236 190
247 198
246 208
240 217
231 227
225 232
223 235
225 237
238 238
272 239
306 238
338 235
363 227
381 216
392 202
396 190
396 185
396 181
397 186
400 211
398 253
389 291
379 325
368 357
356 375
346 380
338 375
330 358
323 328
327 283
336 232
349 185
368 143
390 112
419 90
450 80
476 79
494 86
503 100
503 117
491 133
473 149
455 163
442 170
437 173
438 175
442 176
456 174
484 171
509 172
529 178
538 184
537 192
526 204
501 216
473 223
450 226
432 225
423 218
409 206
