276 235
264 218
253 197
247 172
247 144
257 116
281 92
316 75
356 70
391 77
418 97
437 126
451 160
461 201
459 244
448 279
438 307
419 332
389 346
359 350
334 340
318 322
307 297
295 271
286 252
278 239
273 233
272 236
273 243
276 258
279 287
280 310
280 330
276 344
267 354
251 362
228 367
200 370
174 369
152 363
137 348
125 323
118 298
118 273
125 244
144 215
180 186
234 161
300 143
373 134
444 131
509 131
564 135
607 142
635 154
649 173
652 194
643 216
623 241
594 265
561 289
529 307
496 318
469 320
458 319
455 314
456 307
457 295
