295 167
338 170
376 168
401 161
414 151
414 139
406 129
392 118
369 110
346 107
330 110
318 119
312 134
310 156
311 179
315 204
318 224
321 235
325 243
330 246
342 248
371 250
406 254
439 257
469 261
489 259
500 248
501 232
496 214
491 191
486 168
485 151
484 141
485 139
486 142
487 145
338 294
357 298
372 309
379 321
376 333
368 341
350 346
328 338
312 324
306 308
313 288
328 272
351 264
374 263
392 270
408 282
420 297
428 312
433 323
438 332
446 338
458 340
472 336
485 329
495 319
500 306
500 286
494 267
490 256
488 254
487 256
487 259
