196 248
214 255
225 268
226 287
215 305
199 315
178 317
156 312
141 301
134 286
136 263
148 238
169 215
194 201
225 191
257 192
285 204
307 220
318 243
321 267
321 288
318 304
313 309
309 307
306 303
304 295
304 280
306 264
311 248
315 238
319 230
322 225
324 222
326 220
328 217
333 214
346 206
371 194
399 187
421 190
439 199
451 208
455 219
455 233
448 248
439 260
425 270
411 273
401 271
393 267
388 261
385 251
390 232
406 207
427 186
450 175
473 170
496 173
515 183
528 201
531 224
527 251
520 274
512 293
498 309
484 319
472 324
462 329
459 329
457 330
460 328
474 326
504 324
536 324
565 324
586 323
599 322
604 320
607 317
608 313
607 304
602 286
593 258
584 235
579 216
578 201
576 174
