164 256
160 245
159 230
167 204
181 175
197 154
212 144
222 148
230 160
235 178
237 203
240 224
242 234
243 238
243 235
246 221
254 200
264 180
272 172
279 171
286 175
292 182
298 199
299 219
300 235
303 245
308 250
315 250
329 241
347 226
364 208
374 190
381 175
384 159
383 148
381 143
380 140
154 335
149 321
157 297
178 272
200 254
219 243
233 242
246 250
253 260
256 271
256 283
254 294
252 300
251 303
251 300
253 293
256 281
262 269
269 263
278 262
288 266
296 276
304 292
310 302
315 309
322 310
330 304
340 292
349 271
352 250
350 235
346 226
345 218
344 207
