172 256
162 240
155 226
154 212
163 194
182 177
206 166
232 165
251 173
264 188
271 203
275 213
275 220
275 223
280 213
291 193
306 172
318 165
326 165
331 170
335 181
337 199
335 223
336 244
341 256
352 262
371 262
392 250
409 234
419 217
422 196
417 174
410 158
399 148
386 144
368 139
152 330
146 320
143 309
142 299
145 286
157 270
180 257
201 255
218 259
227 265
236 273
243 282
246 289
247 294
250 284
255 270
262 258
271 252
280 251
289 255
296 263
301 275
304 290
308 304
313 314
320 321
329 325
341 325
355 321
369 311
377 295
379 278
376 265
373 257
369 253
365 250
