220 219
213 202
216 180
229 157
251 137
275 128
294 129
313 141
329 161
336 182
338 203
335 216
329 219
326 215
325 204
328 186
337 163
350 148
363 142
373 145
382 153
390 166
395 183
398 209
402 228
412 237
429 240
445 235
464 221
476 202
481 181
480 157
473 138
465 128
461 125
459 126
228 296
226 277
234 258
250 238
272 221
294 213
312 215
327 223
338 238
343 255
343 270
340 282
338 289
335 285
336 275
340 260
350 243
364 233
375 232
388 238
396 248
405 265
411 286
415 303
423 317
433 323
445 324
457 322
467 316
476 298
477 273
476 249
470 232
464 225
465 228
467 230
