208 268
205 246
213 224
234 200
258 180
274 177
285 187
291 201
296 218
304 236
308 247
310 251
313 245
315 237
318 226
322 220
327 216
332 217
338 225
347 248
353 273
358 290
365 299
378 297
393 289
409 274
420 255
423 235
421 220
416 209
414 203
411 193
214 308
230 295
244 289
259 285
275 287
286 295
292 305
292 314
290 320
288 324
286 324
287 320
293 308
306 292
324 283
337 286
348 294
354 305
357 318
357 335
357 346
358 352
359 354
362 353
369 348
381 333
392 313
398 295
398 285
394 274
383 255
