231 268
223 248
226 228
235 210
248 191
262 179
280 179
298 188
313 209
321 232
325 254
328 267
329 263
331 252
335 232
342 206
351 190
366 185
382 186
400 198
413 215
418 233
419 253
423 266
430 270
439 267
455 253
476 230
491 204
497 177
495 156
487 144
477 129
245 374
228 360
221 338
224 312
234 289
250 271
269 265
286 269
299 279
309 296
313 315
313 326
312 330
314 325
319 313
328 297
340 288
351 288
362 295
374 308
384 320
390 328
394 332
398 333
405 329
419 317
435 293
442 273
444 260
448 237
