227 256
220 238
219 222
225 204
240 182
257 168
271 166
287 175
302 192
312 216
317 236
319 246
320 249
320 247
321 242
324 231
331 212
338 198
346 191
355 189
363 190
374 198
385 214
393 232
399 252
406 262
419 266
434 263
455 248
472 229
479 208
480 186
477 168
469 153
465 148
233 335
228 314
228 296
238 280
252 265
262 260
273 260
283 264
291 273
297 285
300 297
301 304
302 308
303 306
305 299
310 287
318 273
328 266
339 265
350 271
363 283
371 298
378 312
383 323
387 332
392 339
401 341
417 332
435 313
444 293
450 270
450 251
443 235
437 229
434 228
