155 222
150 213
152 198
168 177
194 159
216 147
234 147
249 156
264 174
277 195
285 206
291 205
294 200
295 194
295 180
298 162
303 144
311 135
320 133
329 135
338 144
347 162
351 179
352 192
355 203
360 211
370 216
388 217
406 210
421 193
424 176
418 155
408 136
400 126
397 123
185 307
170 292
162 277
161 263
165 249
172 235
181 224
189 220
198 218
208 222
220 230
231 243
238 255
241 263
243 266
245 266
247 262
251 250
258 235
267 223
282 217
298 219
310 225
319 235
323 248
324 260
324 271
324 282
327 292
335 298
349 295
374 282
392 267
403 247
409 229
409 216
405 210
402 207
