234 262
233 259
230 250
231 231
247 203
265 181
286 169
307 167
328 171
350 181
366 195
375 212
376 220
377 222
376 218
376 211
381 200
388 193
399 192
410 198
424 214
434 230
438 248
442 261
445 268
454 271
468 268
488 254
505 232
514 210
515 186
510 169
502 158
495 155
485 158
471 164
252 333
238 318
242 302
253 285
265 269
282 258
300 253
313 255
325 263
337 278
347 295
354 307
357 314
358 316
363 308
371 294
379 281
388 274
398 272
409 277
418 287
425 300
429 312
432 319
434 323
438 325
447 324
464 316
484 295
494 277
496 263
495 254
494 250
