225 232
214 218
210 202
213 184
225 165
242 148
256 140
265 141
276 152
286 168
293 186
297 201
298 207
302 200
307 189
318 171
329 152
341 141
353 138
365 141
376 151
381 170
379 194
375 215
375 225
381 231
388 231
398 226
415 212
431 190
437 169
436 149
430 135
424 128
419 119
209 286
203 267
207 252
216 239
228 231
243 229
255 231
267 241
275 256
279 271
281 284
282 290
283 293
284 286
288 273
297 254
308 241
320 236
331 239
341 246
348 259
348 275
344 296
346 311
351 320
358 323
372 320
393 308
412 288
422 267
424 249
422 234
421 228
421 216
