234 247
226 237
221 227
221 216
227 201
248 180
272 168
291 170
307 179
324 195
336 214
343 229
347 237
347 240
347 238
347 232
349 215
353 197
361 183
370 179
381 181
391 187
402 202
408 219
415 233
422 241
428 244
436 245
450 241
467 232
484 213
486 193
478 177
469 166
464 163
461 163
459 164
264 335
259 328
253 320
249 312
249 298
256 275
274 254
294 246
309 249
324 258
335 270
341 283
345 293
346 297
346 294
349 283
354 268
362 257
370 252
378 251
388 255
399 263
408 274
415 286
421 297
427 304
436 308
447 305
465 292
482 269
486 248
481 231
470 222
462 219
456 220
447 223
