203 282
197 275
192 263
189 249
189 231
196 217
207 207
217 204
231 207
248 219
264 238
274 258
278 268
280 269
282 266
285 259
290 245
300 227
307 216
314 212
320 212
326 216
332 228
338 250
346 270
352 278
358 281
369 281
383 277
397 266
405 247
405 233
401 221
398 213
392 209
384 205
207 373
197 359
195 344
195 327
201 312
210 301
221 295
231 295
243 300
257 311
269 325
276 339
278 346
279 349
280 345
282 338
287 325
294 315
303 309
313 309
324 315
335 328
345 348
352 360
358 369
366 373
376 374
387 369
397 357
401 339
397 319
388 303
381 295
378 293
