205 235
201 212
206 188
218 167
237 151
256 143
272 150
283 169
292 193
298 216
299 227
296 227
294 224
294 216
297 199
305 178
316 163
326 159
336 163
348 172
358 187
366 210
374 228
382 235
389 237
395 234
405 225
421 203
429 175
428 152
421 136
417 132
413 127
179 349
164 330
168 304
183 275
206 247
234 230
254 225
267 227
277 235
283 244
286 252
287 259
286 264
285 266
284 263
286 257
293 248
303 241
317 241
332 250
346 267
353 281
359 296
363 305
366 309
369 310
372 308
379 300
385 285
392 257
393 233
392 221
390 216
