203 220
199 215
196 209
193 200
194 189
201 172
213 154
228 142
244 139
258 143
275 158
289 179
298 195
300 204
300 208
300 203
300 197
302 185
305 174
310 165
318 162
329 163
342 171
355 185
367 203
373 213
380 218
389 220
399 217
417 207
431 191
438 173
436 155
428 143
421 139
416 138
413 141
412 143
213 275
213 264
214 254
219 246
228 236
239 228
250 226
259 227
269 234
279 245
288 258
292 268
294 271
296 271
298 269
303 262
313 250
324 241
333 237
343 238
353 243
362 250
370 258
377 265
384 269
395 272
406 272
418 268
428 260
433 250
433 237
429 225
426 218
425 214
426 212
