203 199
193 184
189 173
191 164
202 151
228 135
256 126
277 126
292 135
302 148
309 165
311 177
310 183
309 185
307 185
305 182
304 171
309 149
322 131
333 123
342 124
352 130
362 144
368 169
373 189
384 204
394 209
403 209
416 202
428 191
437 167
439 143
436 123
429 107
422 102
418 105
412 117
400 139
201 279
199 260
200 242
206 230
219 223
238 216
257 215
274 221
285 229
293 242
298 254
302 265
305 270
306 272
308 268
311 255
317 233
327 217
333 212
340 213
346 217
353 226
361 243
367 258
375 271
381 279
386 282
390 283
393 282
398 279
403 272
408 260
410 246
409 235
407 228
406 225
406 223
