183 202
172 183
168 169
173 157
192 144
214 137
234 141
250 153
258 165
260 176
260 182
259 186
264 175
275 153
290 136
301 131
308 132
316 139
321 153
324 175
324 200
328 219
338 231
352 233
370 228
389 217
403 201
410 183
409 166
403 149
394 137
383 134
372 134
354 135
159 290
157 272
158 259
164 247
174 235
194 221
217 216
233 220
246 229
253 238
257 249
259 259
259 267
259 271
259 273
261 269
267 258
276 244
286 235
293 233
299 236
305 242
312 255
316 269
320 285
326 299
336 310
348 315
359 314
371 308
383 294
389 272
387 254
380 239
374 230
367 225
356 218
