241 227
236 220
231 213
228 201
229 184
234 165
241 151
246 147
253 146
264 151
279 165
296 184
301 199
303 206
304 208
305 203
307 193
314 177
323 164
332 158
343 157
355 163
366 175
374 195
377 213
384 223
392 228
405 227
421 219
437 203
443 182
440 164
432 149
427 141
426 139
247 317
233 310
226 301
223 288
225 271
232 248
245 233
259 228
272 230
286 239
296 253
304 268
309 279
310 285
309 287
307 287
306 283
306 276
307 266
312 258
320 254
330 255
340 260
349 270
356 283
360 297
362 307
368 313
378 314
391 308
406 294
417 272
420 253
417 236
413 225
407 219
402 216
396 212
