222 209
227 191
248 183
283 185
315 202
333 227
330 251
313 272
292 287
274 286
253 274
235 253
229 224
237 193
259 159
292 135
332 125
369 131
398 151
419 180
424 213
420 242
415 259
405 271
396 273
396 259
404 235
423 212
446 195
470 189
493 191
511 205
517 225
509 244
493 263
470 278
437 286
397 295
357 302
316 309
280 316
256 324
243 335
239 347
248 354
269 359
304 359
346 354
394 342
442 333
486 335
522 341
539 345
546 351
552 364
565 389
551 366
552 379
550 395
540 409
526 417
508 421
487 421
468 416
453 408
448 395
451 377
458 360
468 346
483 337
500 330
525 319
