330 245
326 235
337 228
355 223
376 222
393 227
398 234
398 243
393 251
383 260
372 264
361 260
355 251
352 240
354 222
366 201
386 186
409 180
430 180
450 187
466 197
475 213
476 229
472 239
466 245
461 246
457 244
454 239
455 231
462 218
473 207
485 201
495 199
506 205
513 214
515 224
513 234
504 247
486 262
458 273
426 282
388 296
359 311
339 321
328 330
329 341
341 346
357 348
382 345
412 333
438 319
464 302
494 287
518 279
537 278
550 282
553 289
549 295
542 306
526 320
504 332
486 334
474 331
471 328
473 321
481 309
500 287
