412 250
427 250
440 255
448 262
449 271
442 283
423 294
400 295
384 290
379 277
381 262
392 242
413 223
437 213
463 207
487 207
504 214
514 226
518 244
513 264
503 281
495 290
491 292
489 292
489 289
490 283
497 272
510 259
524 252
535 249
542 248
546 250
547 253
545 258
532 270
502 288
468 303
435 320
407 336
390 348
383 357
384 361
389 362
401 359
424 351
454 338
483 325
512 312
539 303
564 300
584 302
597 309
600 317
595 328
584 341
565 352
542 358
519 356
504 349
498 341
499 329
508 320
526 308
551 291
