295 151
300 138
317 136
336 146
351 164
355 187
341 212
318 230
292 235
266 230
248 218
238 199
238 175
248 150
266 126
295 103
334 87
374 82
409 88
437 105
456 127
465 150
466 175
461 199
450 217
437 229
428 232
424 231
423 226
430 215
451 188
479 165
509 149
536 138
561 135
582 143
595 159
599 177
590 198
570 218
539 233
493 246
440 256
386 263
337 272
297 285
265 296
244 305
233 314
231 323
235 331
244 336
267 339
301 337
341 329
381 319
424 310
469 302
508 299
538 301
558 309
564 321
561 339
545 360
520 375
487 390
450 400
418 398
399 386
394 369
400 349
414 329
437 314
466 309
507 302
