299 165
309 163
319 166
324 176
319 189
298 206
277 213
259 210
247 196
244 173
251 147
263 121
284 99
312 85
340 81
365 86
386 102
401 125
409 150
410 172
406 182
403 183
402 181
403 175
410 158
430 130
458 107
486 96
513 95
536 101
550 120
550 141
534 162
502 181
461 192
410 203
353 214
300 222
257 229
227 240
211 253
206 269
214 285
234 294
267 291
313 279
368 262
423 244
477 232
525 227
559 228
582 234
593 247
588 265
569 283
540 295
502 305
464 311
437 306
422 292
419 273
429 252
448 236
476 229
518 217
