331 229
333 215
349 205
370 201
389 208
401 220
404 231
400 243
389 256
373 265
361 266
347 259
335 247
329 231
332 207
348 183
368 168
393 159
420 157
447 162
470 174
485 190
494 209
497 226
491 234
486 237
483 238
481 237
481 234
483 224
495 204
513 187
530 181
543 181
553 186
558 196
560 209
557 224
548 239
531 251
510 261
483 269
451 273
414 280
381 288
362 299
356 311
357 318
365 324
378 327
401 329
428 325
459 312
488 299
518 290
546 282
567 279
579 280
582 284
581 290
579 295
568 302
550 313
536 324
518 321
505 310
507 302
512 289
