390 198
416 189
440 186
459 189
472 196
473 203
467 214
455 222
440 227
419 228
402 224
389 216
378 203
379 189
392 172
412 157
436 148
463 146
489 151
509 164
520 177
524 189
524 200
523 205
521 208
519 207
519 203
521 193
530 177
545 164
564 158
579 161
591 168
597 176
600 183
598 190
591 199
576 209
547 220
515 228
483 236
458 247
443 260
437 272
437 280
439 283
447 285
462 284
484 279
510 270
535 257
559 245
581 240
598 239
605 241
605 245
603 252
595 261
580 271
563 278
549 280
543 279
537 276
536 272
539 264
553 246
