246 230
264 229
280 236
294 248
298 260
294 271
285 277
270 281
249 280
234 273
225 264
221 253
226 234
245 213
272 196
296 187
320 185
341 193
357 206
368 219
373 236
375 247
375 252
374 254
372 253
372 248
373 238
379 225
393 212
409 205
429 203
444 208
453 216
457 226
455 236
446 248
424 261
396 269
361 275
328 282
301 287
278 292
260 297
248 305
241 312
239 320
241 328
248 334
259 336
277 334
296 328
321 319
343 308
363 298
383 289
402 281
419 278
432 278
446 282
457 290
467 298
472 309
474 319
470 331
459 343
446 351
428 356
414 354
405 350
400 345
400 337
404 329
413 320
433 304
