280 199
301 205
314 217
320 232
316 246
300 260
278 265
252 262
229 249
217 231
215 213
222 194
242 178
271 168
305 166
334 172
353 186
367 206
375 224
377 235
377 238
377 235
377 226
380 209
388 191
405 178
428 173
455 177
475 187
489 203
500 220
501 235
490 248
467 259
433 266
391 272
349 276
310 283
276 293
249 303
230 315
222 331
224 348
236 361
260 366
291 365
321 357
349 345
379 330
408 319
434 313
460 310
481 313
494 322
499 336
493 352
483 365
466 374
443 375
421 371
405 362
399 346
403 326
408 295
