254 236
260 230
273 226
290 233
303 250
302 273
288 296
263 315
233 322
206 323
184 317
169 305
163 288
167 262
186 230
221 198
262 175
307 165
347 170
373 187
386 209
392 229
389 250
377 267
367 272
363 271
365 264
376 249
397 225
420 210
441 201
460 199
475 204
482 212
478 224
461 244
435 267
400 286
356 303
307 322
260 338
227 348
213 356
210 363
213 369
219 375
236 377
268 373
303 363
342 351
389 338
436 327
482 320
521 321
547 328
559 340
558 354
542 368
512 379
474 390
437 394
412 392
397 386
391 375
393 363
401 354
419 340
448 321
