249 189
278 186
307 192
329 209
338 227
331 239
315 244
295 243
277 235
263 220
258 199
263 174
277 150
298 128
326 112
360 105
397 108
432 120
461 141
477 170
484 201
484 227
479 241
472 247
466 246
462 241
462 228
472 201
492 172
515 147
539 131
566 124
592 124
612 134
625 151
624 172
610 195
585 215
549 232
504 241
449 250
392 261
343 269
307 276
284 287
272 297
276 308
297 315
331 317
370 312
410 299
455 286
500 277
544 269
583 264
615 264
637 269
645 279
643 293
630 308
609 325
581 336
555 338
531 332
514 322
514 305
526 285
547 271
575 253
