208 232
223 219
251 213
281 217
299 231
303 247
295 261
275 272
253 274
235 269
226 257
224 239
231 215
246 189
271 166
300 153
326 151
347 160
361 178
367 200
365 220
358 239
350 251
343 251
338 245
336 233
337 213
345 185
360 164
376 152
395 147
412 150
422 158
427 169
427 182
422 195
410 208
386 220
356 235
322 249
291 262
267 278
250 295
236 313
226 332
223 348
224 354
232 354
250 347
279 331
314 310
351 292
390 275
428 264
458 262
482 267
498 277
504 294
500 314
484 334
458 349
428 357
399 356
375 348
359 338
351 326
355 312
369 299
394 287
425 278
452 275
489 273
