495 182
511 180
526 185
535 196
538 209
532 217
524 223
512 224
500 219
485 204
477 183
480 161
493 138
510 120
531 111
552 110
570 119
582 132
590 145
593 158
592 169
591 173
589 174
589 171
591 162
602 140
618 118
635 104
650 98
661 102
670 112
675 127
674 143
665 161
649 176
625 186
593 193
559 204
531 217
511 231
500 247
498 264
506 273
519 274
542 267
572 250
600 228
626 207
651 189
671 180
686 176
696 177
701 182
706 190
707 204
704 217
694 230
678 238
654 239
632 235
621 228
617 221
619 215
627 208
641 198
