273 209
276 191
293 182
317 182
337 191
344 206
337 218
322 226
306 229
289 226
279 216
279 198
290 174
310 152
338 133
368 124
402 126
433 140
453 166
456 192
453 219
446 242
435 247
425 242
423 233
430 213
444 188
464 171
484 161
505 160
524 169
534 186
531 207
517 225
492 239
456 253
412 265
361 270
313 276
273 284
240 293
220 301
211 311
213 319
228 322
261 317
309 306
364 289
419 273
472 262
520 256
561 259
590 270
604 289
603 310
587 326
562 336
529 341
493 336
468 323
457 303
457 283
467 266
483 257
507 245
