283 229
275 215
279 206
294 195
321 188
350 189
372 198
382 210
382 222
374 232
364 236
351 236
335 232
321 224
313 214
311 195
321 172
345 149
371 134
397 127
423 129
445 141
463 160
474 181
477 205
474 222
470 227
466 228
465 223
471 212
486 194
506 177
524 171
538 171
549 178
554 187
549 200
532 220
508 234
478 242
441 250
402 257
368 262
345 268
333 276
330 285
333 296
342 306
360 312
388 309
424 296
457 281
487 267
514 255
540 248
560 249
570 260
571 275
564 289
549 309
526 323
506 329
489 328
480 321
480 305
488 285
503 265
523 234
