482 265
501 258
520 260
533 270
537 287
528 307
510 321
488 326
467 326
448 319
437 305
436 286
444 264
460 245
481 232
506 229
530 234
551 246
564 261
568 276
567 286
563 296
559 304
556 307
556 300
563 289
581 271
603 262
620 265
632 273
639 287
640 304
634 318
618 331
596 344
571 354
537 356
498 356
466 358
445 361
434 366
433 373
438 381
454 390
484 395
516 390
547 380
583 369
618 358
649 347
671 340
681 341
685 348
683 357
675 372
658 392
638 408
623 414
608 415
600 413
597 409
599 399
608 383
623 368
642 347
