302 191
327 186
349 194
362 205
366 215
360 222
350 227
331 230
311 228
297 220
293 204
299 182
315 164
337 148
364 136
392 134
415 140
434 156
445 175
446 196
442 215
438 223
436 224
432 221
430 216
429 207
434 191
446 175
465 165
484 164
500 170
512 181
517 197
512 211
495 222
468 230
435 239
396 247
359 255
330 263
312 272
303 283
303 294
310 299
329 299
359 290
393 275
427 259
460 241
493 228
522 223
547 226
565 237
573 254
568 272
551 286
527 296
498 300
473 295
459 286
453 276
455 272
456 270
