135 252
140 250
152 254
165 263
170 284
160 303
141 314
123 316
111 308
107 292
113 267
131 239
160 215
198 200
236 196
263 204
278 220
283 244
281 269
279 283
280 285
284 281
297 266
327 237
366 213
411 198
459 194
499 204
521 220
527 236
521 255
496 273
454 290
397 308
334 324
273 339
218 355
173 372
138 389
119 403
122 412
149 416
200 412
264 401
335 384
409 371
479 364
544 364
595 368
628 377
649 388
660 402
661 414
652 420
640 424
628 425
603 427
641 409
634 421
614 433
586 438
562 437
545 429
536 416
537 403
543 391
553 382
568 378
594 374
