189 201
214 197
236 206
250 221
250 240
235 256
211 265
185 266
163 258
152 242
153 220
169 195
201 169
237 151
272 145
303 152
324 168
335 189
339 212
338 233
335 248
334 251
334 249
336 242
343 225
362 196
383 176
400 171
416 174
429 185
438 199
440 216
425 234
398 251
360 265
317 279
273 292
236 302
206 313
186 325
176 335
175 340
180 341
200 338
239 328
289 315
346 306
407 302
459 304
497 313
522 330
530 350
524 367
502 381
463 393
420 397
384 390
361 377
351 361
353 342
363 322
384 306
415 298
460 287
