190 225
186 219
194 214
219 209
251 212
272 223
279 243
271 264
254 275
238 276
225 267
217 247
217 219
226 188
246 156
275 135
309 127
345 134
380 157
401 190
407 216
411 232
411 235
407 228
408 211
415 182
430 153
454 131
484 116
517 113
548 122
568 144
569 175
554 207
527 231
488 245
436 257
374 266
312 272
252 283
203 300
170 322
154 344
159 360
182 367
219 364
270 346
330 319
397 291
464 268
526 252
578 249
616 259
635 273
638 288
628 308
605 326
569 339
523 351
478 356
448 349
440 329
455 297
486 265
522 242
563 229
601 229
655 229
