247 212
264 211
285 222
296 245
290 267
272 280
248 285
224 281
203 269
189 251
186 229
196 204
216 180
244 162
276 152
311 152
342 161
365 179
376 204
382 227
382 245
374 259
368 265
365 264
364 256
367 241
383 214
404 191
425 180
447 176
467 181
480 192
484 213
477 234
459 256
432 277
397 290
352 303
303 314
257 321
218 331
193 342
182 353
185 363
201 368
232 366
274 358
326 342
377 324
424 311
466 300
500 296
522 304
534 316
537 331
524 344
498 358
469 368
441 369
414 364
398 352
397 335
412 322
436 306
