335 178
355 171
373 174
388 184
393 194
392 209
378 225
358 235
338 237
320 234
304 225
294 212
294 192
301 171
320 152
346 139
375 134
406 135
433 147
452 165
463 184
462 200
452 214
445 220
439 218
435 212
434 201
436 187
446 171
460 157
475 148
491 148
503 155
510 168
511 182
503 195
487 213
464 227
438 236
404 247
363 260
332 272
312 281
304 292
306 302
314 309
326 313
348 314
377 305
408 291
434 277
461 260
491 245
514 239
526 238
537 241
543 250
538 261
524 275
505 287
484 295
466 296
454 295
449 288
456 276
470 257
