304 151
334 152
367 164
387 182
393 203
383 221
366 232
348 235
330 231
312 221
300 206
297 183
306 155
329 127
359 104
392 89
426 87
455 96
476 112
489 132
493 154
489 177
483 193
478 205
475 210
474 207
474 199
478 184
488 156
502 128
520 104
540 88
561 81
581 81
600 89
615 105
626 126
632 148
631 173
620 195
603 213
581 228
547 236
504 244
456 252
412 259
373 269
342 284
321 298
310 312
311 329
327 347
353 359
385 362
422 357
461 342
500 321
535 300
564 281
588 268
609 257
627 251
641 251
651 258
659 271
662 295
660 321
656 345
642 367
619 378
599 384
577 384
556 380
542 375
535 366
538 353
549 335
564 319
586 296
