281 167
294 161
316 165
335 185
340 213
329 239
304 253
273 259
245 254
224 237
213 217
213 191
233 159
271 131
320 114
371 111
417 121
449 141
466 172
469 207
462 232
455 246
448 249
444 238
454 213
474 186
501 164
531 149
561 146
584 156
591 175
584 198
565 220
534 238
493 252
442 263
386 269
336 274
292 284
257 297
233 312
221 333
228 352
255 360
294 356
340 339
394 320
450 306
499 298
541 301
574 310
595 321
603 336
599 357
579 377
549 389
515 398
480 398
454 382
446 360
453 338
468 322
488 316
517 305
