265 183
280 171
304 171
320 179
328 191
323 204
304 218
282 225
262 225
245 217
236 202
236 182
245 161
265 138
295 119
332 109
371 110
405 121
430 138
445 163
448 188
447 203
443 212
438 213
433 207
433 194
443 174
464 150
490 133
517 125
547 127
570 137
581 156
581 178
568 197
540 215
501 228
451 236
398 244
349 251
307 256
274 263
254 272
246 283
245 294
257 300
289 302
337 299
386 295
440 289
490 284
531 286
565 292
593 298
616 306
627 316
626 324
614 339
586 353
551 357
520 359
493 355
472 345
469 330
476 315
489 306
511 304
540 302
