261 171
259 156
272 145
295 138
319 140
338 150
349 165
350 180
342 191
330 198
315 202
300 200
283 193
268 178
262 155
266 131
280 107
301 87
328 75
360 71
392 77
418 90
436 112
446 135
448 155
444 171
438 178
433 179
430 176
429 166
431 148
443 122
459 101
478 88
497 85
515 90
532 103
542 120
546 136
540 148
523 159
496 167
460 172
424 178
387 186
353 197
324 211
304 224
294 238
292 250
300 258
324 262
355 258
388 247
423 234
459 223
491 214
518 207
540 205
556 208
567 216
567 228
559 240
541 257
517 271
493 273
472 266
461 254
460 239
465 224
481 211
506 193
