368 243
386 233
404 228
422 230
432 238
436 247
430 260
422 270
406 279
385 280
371 276
360 268
357 252
363 233
379 216
404 202
429 194
457 194
481 202
496 217
504 234
504 248
499 254
497 256
495 253
494 247
496 235
506 217
522 205
541 202
555 208
563 217
568 226
567 235
562 243
550 254
527 266
497 272
461 278
426 286
401 298
391 311
388 317
390 321
394 323
408 324
437 321
465 309
495 295
524 286
549 281
569 281
582 285
583 293
579 304
568 316
549 330
529 338
515 338
506 333
504 326
508 314
516 303
528 290
