367 229
384 224
408 225
430 231
443 243
445 258
438 268
421 274
402 273
383 268
368 256
364 238
372 218
390 199
413 182
440 174
467 173
490 178
510 190
522 209
526 229
524 244
519 253
513 260
510 262
507 258
508 249
514 236
527 220
542 210
554 207
563 210
567 216
565 226
551 244
526 264
494 275
455 285
416 299
387 315
371 325
367 339
376 350
391 352
414 344
441 332
468 323
498 308
531 293
558 286
581 285
595 291
599 301
597 313
588 321
568 332
547 338
525 338
510 332
507 323
513 304
528 284
551 258
