336 168
340 159
359 150
387 147
411 153
427 167
431 181
421 192
405 197
387 197
367 194
351 185
341 173
339 155
349 135
370 116
394 102
419 95
445 96
470 108
488 128
500 150
502 175
499 193
494 199
489 199
487 195
489 185
495 163
510 135
527 117
544 108
560 106
572 111
581 123
583 137
579 156
564 172
540 184
511 190
478 198
442 207
409 216
384 227
366 241
357 257
359 269
366 274
381 275
409 271
436 262
463 247
496 231
526 220
554 213
577 212
591 216
596 225
594 235
582 250
562 268
538 278
516 281
496 277
484 268
484 251
494 236
510 230
535 216
