216 128
234 122
254 127
270 138
273 154
262 166
241 176
216 180
195 176
180 166
174 150
177 130
192 107
216 86
244 72
274 66
298 69
314 80
324 99
326 121
323 144
319 166
315 182
313 190
312 193
312 191
316 183
327 159
342 131
359 104
380 84
401 75
420 74
436 79
449 92
455 107
458 126
454 146
446 164
431 178
405 190
372 200
334 207
296 213
259 216
225 220
196 226
175 234
159 243
150 250
147 255
148 259
151 263
157 266
171 265
196 256
227 239
262 218
298 198
337 180
373 172
405 172
431 178
450 186
463 201
467 218
464 236
454 251
437 264
418 272
398 275
378 272
361 263
350 248
350 227
357 208
368 194
383 184
400 182
423 178
