474 135
490 133
506 136
521 146
526 155
526 162
520 167
511 170
500 169
492 165
488 157
489 145
499 129
522 113
543 103
563 102
578 110
587 120
593 131
595 139
594 147
590 153
588 155
586 155
585 153
586 148
590 140
597 134
605 130
613 129
620 131
626 135
629 140
627 147
620 154
603 161
575 168
547 177
519 187
498 198
486 209
480 215
480 217
485 216
498 213
526 201
555 191
586 185
610 182
631 183
648 186
659 190
661 195
658 203
649 211
634 216
612 218
590 216
580 212
576 208
576 203
579 198
586 192
601 184
