234 254
250 250
268 254
286 265
295 282
290 297
277 309
255 316
230 317
210 311
196 300
190 284
194 264
208 244
233 225
262 213
294 209
325 216
350 233
368 253
377 272
382 291
383 300
382 302
380 299
380 292
381 277
388 259
402 245
416 237
434 237
452 244
467 257
474 270
472 283
463 294
447 302
418 310
381 316
344 320
310 325
282 332
264 338
253 346
247 355
247 362
251 367
263 370
281 369
311 365
342 358
372 350
402 343
428 340
450 339
468 340
480 344
486 351
487 359
484 368
476 378
459 390
441 400
423 401
412 396
408 390
409 381
416 372
433 357
