429 147
442 143
456 147
468 155
475 166
477 175
471 182
460 187
449 189
438 187
432 183
431 174
438 158
454 139
474 128
494 124
512 128
527 136
535 149
538 161
537 169
535 174
533 176
531 176
531 173
533 165
539 153
550 142
562 136
575 136
587 140
596 149
599 161
596 171
580 180
555 185
527 190
496 198
466 207
445 215
430 224
421 237
421 247
426 252
440 253
460 247
487 235
514 224
541 215
567 207
586 204
600 207
605 215
605 223
601 234
589 247
569 260
549 264
531 263
521 256
517 247
517 238
520 231
529 224
551 215
