310 193
309 184
311 173
318 164
328 156
340 149
352 147
363 150
374 158
386 169
398 184
406 200
410 215
410 225
409 235
406 243
403 250
399 256
395 262
391 266
388 269
383 270
376 270
366 267
354 263
344 258
336 253
329 247
323 241
318 235
314 231
313 228
312 226
311 224
312 227
313 234
313 243
313 251
311 258
307 265
298 272
281 278
265 278
253 275
245 269
240 262
237 256
235 248
237 239
246 228
274 215
312 209
352 207
388 208
418 211
444 215
464 219
479 226
488 233
491 238
492 243
491 248
488 252
482 258
474 263
465 267
453 269
440 268
428 266
422 264
420 263
