194 302
177 294
163 287
151 281
146 273
144 262
149 245
165 219
190 198
219 182
249 176
279 182
304 199
319 220
323 244
319 265
307 278
291 282
279 279
268 272
262 259
262 236
277 214
301 195
330 180
362 175
388 181
408 196
419 215
419 239
414 256
410 276
229 359
238 361
246 367
249 375
246 383
236 389
221 392
201 390
186 379
182 364
186 346
201 328
224 314
246 308
267 311
282 319
290 331
294 343
298 352
305 358
315 362
328 362
345 354
362 343
375 326
379 311
377 296
372 283
367 274
363 270
358 264
