127 204
127 184
132 165
145 144
164 131
182 128
198 131
207 139
211 153
212 168
211 191
211 215
216 231
229 236
249 234
270 222
289 203
302 182
309 166
311 156
311 154
313 161
319 179
333 205
353 221
375 227
395 224
410 213
420 193
423 169
421 143
414 123
408 114
404 111
397 106
140 286
142 266
155 249
175 232
199 222
219 222
235 230
246 243
249 255
249 271
248 287
249 302
253 314
263 319
281 319
306 311
328 297
344 283
354 267
357 253
356 247
355 245
358 253
363 269
371 287
385 301
401 306
420 304
434 297
446 282
451 261
449 239
443 220
436 211
434 209
