218 250
209 237
207 224
210 211
221 189
242 170
265 161
284 162
300 169
316 180
326 197
331 215
334 227
335 238
337 246
338 253
342 260
346 264
353 265
363 259
375 245
389 224
400 203
404 188
405 179
405 176
403 184
402 198
405 215
415 235
429 256
447 268
468 269
486 258
498 239
502 217
500 196
491 176
477 162
465 154
458 152
448 151
235 363
218 356
211 348
209 339
211 323
222 299
242 276
261 263
280 261
297 266
311 277
323 290
330 302
336 320
342 337
353 353
367 362
382 363
395 360
407 350
420 331
426 311
427 295
426 283
424 277
423 275
424 279
427 286
435 299
452 319
473 334
492 339
509 334
519 325
525 315
526 303
520 287
510 269
498 253
489 241
488 235
490 233
