185 238
173 221
169 205
172 184
184 156
205 130
228 113
245 109
258 114
266 128
270 151
268 177
262 206
256 236
256 262
265 275
282 277
303 272
325 261
344 242
358 222
368 201
373 180
373 166
371 160
369 159
368 161
366 165
363 179
363 205
367 232
376 253
390 267
408 273
426 271
439 264
452 250
463 232
467 212
466 188
462 166
456 149
449 140
438 129
165 374
162 367
160 353
164 333
179 305
200 281
221 267
239 264
254 269
263 279
269 293
271 307
269 327
266 348
266 364
271 375
281 384
293 387
314 386
335 378
351 367
364 353
372 334
376 313
376 297
375 292
373 291
372 293
372 299
373 317
379 344
387 366
397 376
408 382
420 379
432 374
445 361
457 339
461 315
459 295
454 280
447 271
445 263
445 250
