189 217
188 203
203 188
233 176
265 176
290 189
305 209
312 230
313 255
305 274
292 282
279 284
268 282
255 276
247 266
244 257
244 252
244 250
244 258
233 275
209 296
186 304
166 305
150 302
142 295
142 283
157 264
188 245
227 230
271 220
316 220
356 227
380 242
391 259
390 275
380 291
368 305
358 312
355 314
364 309
393 299
433 288
473 278
507 273
531 269
542 267
542 265
536 261
526 257
510 249
495 235
486 215
481 199
478 187
477 182
476 180
474 181
471 185
461 194
437 206
409 211
388 210
376 206
370 201
368 192
369 182
372 173
376 167
382 164
389 165
399 171
408 186
411 210
413 235
420 257
429 272
440 292
