160 220
162 203
175 188
199 177
228 173
255 178
277 194
291 215
295 241
289 266
278 284
264 299
248 310
236 308
224 301
214 290
208 278
207 269
207 265
204 266
197 275
179 295
157 311
136 320
118 325
107 323
104 318
104 310
112 294
133 270
167 251
211 236
262 227
312 227
353 238
376 254
384 272
380 291
366 307
344 319
323 326
310 332
307 334
313 332
333 328
369 321
410 316
446 310
480 304
509 302
531 300
548 297
557 294
561 289
564 284
566 276
566 267
563 258
559 250
554 245
549 242
543 241
529 241
494 242
456 240
419 233
388 224
365 215
353 205
350 191
355 176
364 164
374 157
384 156
394 161
405 175
410 200
409 228
407 256
411 278
422 299
434 316
451 337
