223 194
233 180
256 175
280 179
299 192
313 209
320 228
318 254
311 276
299 286
286 288
278 284
271 277
265 266
262 256
263 251
265 250
267 253
270 260
269 274
255 292
231 301
207 301
186 296
172 289
166 277
168 263
188 249
224 238
269 230
320 229
370 236
409 250
434 265
445 278
445 286
440 294
431 299
419 302
412 303
420 304
443 304
474 302
503 295
534 290
554 285
562 279
563 273
562 265
558 252
552 236
548 222
546 215
545 213
543 214
536 217
515 224
479 230
447 228
422 222
409 216
403 209
403 203
407 196
416 189
431 183
449 186
463 195
472 207
477 222
479 249
481 274
483 301
