150 297
135 280
129 265
127 251
130 237
141 219
163 202
193 187
219 179
240 182
256 193
263 210
259 229
248 250
241 263
240 265
244 264
251 263
263 264
281 267
296 274
303 281
301 289
292 297
275 305
247 304
221 297
198 286
183 270
178 253
180 232
197 210
227 190
257 174
285 167
311 169
333 177
350 193
363 213
372 236
372 259
367 275
363 283
365 275
370 256
382 227
398 207
414 195
435 188
459 189
482 198
503 214
516 231
519 255
517 277
509 295
493 309
470 311
449 309
436 301
432 284
433 264
442 243
459 226
483 205
