127 316
112 299
104 284
104 266
120 242
151 217
190 197
229 186
261 185
285 192
302 205
307 216
303 227
295 237
287 245
281 248
278 250
284 253
296 259
308 270
315 294
306 313
288 321
270 321
250 313
230 299
218 282
215 259
221 233
239 212
269 194
306 182
345 181
377 188
399 202
413 222
418 248
421 272
416 284
408 286
405 283
404 274
406 257
414 231
430 213
455 199
484 191
518 189
545 200
562 218
573 237
576 260
566 280
552 292
531 301
504 302
484 292
471 274
468 255
474 234
487 214
505 198
530 173
