114 295
97 284
88 277
82 270
79 259
82 239
95 211
119 186
150 170
176 166
196 169
210 179
217 193
216 207
207 220
195 230
187 237
184 240
186 242
195 244
215 248
244 260
261 271
264 281
253 287
240 289
219 287
193 283
169 275
151 261
139 241
136 218
143 196
162 173
192 156
228 144
266 144
298 153
325 169
347 192
360 216
365 239
364 260
360 272
356 275
354 275
353 271
354 260
361 238
376 214
393 196
413 182
438 175
464 176
486 184
501 200
510 220
515 246
514 269
505 282
490 292
471 296
451 293
438 283
431 271
429 258
433 242
443 221
457 204
472 188
485 179
494 182
509 185
