153 299
139 280
134 260
142 237
166 214
205 191
250 176
291 173
318 180
330 197
328 216
317 238
301 254
285 263
277 267
275 268
280 270
294 275
321 289
339 305
346 320
338 328
326 332
304 335
278 335
254 330
237 319
230 301
230 274
242 244
265 217
297 197
333 183
369 181
399 190
422 207
435 229
440 261
440 288
438 299
435 300
434 297
434 293
438 276
452 244
473 219
497 207
524 202
551 203
576 211
592 226
596 253
594 284
585 308
568 332
548 351
526 361
505 361
488 348
482 325
490 295
505 263
525 237
548 220
583 198
