172 280
164 271
158 262
152 250
148 235
150 215
168 191
202 171
238 160
268 158
289 162
302 169
307 178
303 188
291 202
273 214
262 218
259 220
259 222
262 223
276 224
302 229
325 240
332 255
330 267
323 277
309 286
288 292
264 292
242 284
227 271
221 251
224 226
236 203
252 180
271 163
294 152
315 149
333 153
347 163
362 178
374 199
384 221
389 245
390 263
390 271
390 266
393 252
400 227
415 202
432 184
456 172
486 164
516 163
541 167
561 177
575 191
582 210
581 231
569 253
554 272
538 282
520 287
503 284
487 273
478 251
480 225
489 204
503 186
520 175
545 161
