154 300
131 287
117 275
109 261
109 240
121 216
143 192
173 171
204 162
229 164
244 176
247 197
237 220
221 237
209 246
211 249
224 247
244 249
268 258
286 269
295 278
292 284
281 287
261 288
232 287
207 282
191 272
185 252
195 227
217 202
243 181
275 167
310 163
342 170
366 186
382 211
389 237
390 264
389 285
386 295
382 299
380 295
378 284
379 267
388 241
402 220
415 206
431 191
450 181
470 176
490 178
512 186
530 202
544 221
550 243
546 265
534 281
518 289
499 298
479 300
463 290
455 276
460 257
474 235
492 215
513 199
542 174
