126 273
112 258
102 243
96 226
96 208
106 184
130 159
162 142
191 135
210 136
221 142
226 153
224 165
217 177
206 185
198 189
193 190
195 189
203 188
219 191
237 204
246 222
247 238
241 255
230 264
211 265
192 258
179 242
172 222
170 200
174 178
183 159
200 144
225 135
250 131
273 137
292 151
308 172
319 195
326 215
330 224
328 222
327 215
325 201
324 179
327 160
333 149
345 141
369 136
395 139
419 152
436 169
449 189
454 212
450 229
441 239
425 244
406 242
391 236
380 223
377 202
381 180
392 159
408 128
