124 276
105 263
95 251
93 237
103 218
127 196
163 174
203 159
240 154
264 159
277 172
280 187
271 205
257 219
246 224
241 226
247 226
268 227
300 234
320 246
325 261
321 272
314 278
298 284
274 285
248 282
223 275
210 261
209 239
219 213
240 186
267 166
298 156
332 155
365 163
392 178
412 200
423 223
426 240
422 253
416 258
413 257
409 248
408 232
416 209
432 188
456 174
484 166
511 165
536 171
556 182
564 201
564 223
558 245
545 267
527 283
510 287
492 283
477 272
473 252
475 226
483 204
498 184
520 170
553 147
