188 295
161 286
136 275
121 265
113 251
110 231
117 205
135 177
165 149
207 128
248 119
276 120
290 129
294 144
289 162
274 180
258 197
245 209
240 212
244 210
253 208
276 205
306 206
326 213
340 222
347 231
347 243
338 255
323 264
300 270
279 270
263 264
251 248
246 224
247 198
251 172
259 149
277 131
305 119
334 116
360 120
381 131
402 149
418 175
428 206
434 233
436 257
436 272
436 275
436 273
436 268
437 255
442 232
452 208
466 187
484 169
506 154
529 144
553 142
574 149
591 164
600 182
600 206
594 228
580 249
565 267
554 276
539 277
526 272
518 262
517 240
526 215
537 191
550 173
565 162
581 153
603 140
