118 248
111 235
110 221
116 205
134 183
163 164
198 151
233 147
259 152
273 163
276 177
267 193
253 204
242 210
238 212
240 214
250 216
271 222
296 234
307 248
307 264
296 277
282 281
267 281
245 279
224 273
208 262
204 243
209 221
221 198
241 179
266 167
295 164
323 169
346 181
360 201
365 225
367 251
368 270
366 276
363 277
362 275
362 269
366 253
378 229
397 211
419 199
441 194
459 200
472 213
480 228
479 253
473 277
459 298
443 315
429 319
414 317
407 311
403 295
407 269
417 243
429 223
444 212
464 194
