106 310
91 297
82 285
77 271
78 255
86 232
106 205
139 179
176 163
208 156
230 157
242 166
244 179
236 195
219 215
199 228
186 237
182 240
190 241
206 244
232 249
259 254
277 264
284 274
284 281
278 291
263 301
242 309
215 312
185 311
165 301
155 283
155 258
161 231
174 207
196 187
226 172
257 167
288 171
318 184
342 206
357 230
365 257
369 281
369 298
367 310
364 310
363 304
362 291
363 266
370 237
380 210
394 188
413 170
440 160
472 157
503 164
527 180
545 204
554 228
554 254
546 276
529 289
504 297
476 298
454 290
438 275
431 255
436 231
452 211
479 196
521 171
