248 203
260 187
284 176
312 175
335 183
349 199
354 218
346 235
329 252
312 264
299 266
288 262
281 257
277 253
275 251
278 255
279 265
274 283
256 299
234 303
214 299
199 289
191 275
196 262
216 249
247 237
289 228
335 225
378 229
408 242
426 260
435 274
434 288
426 296
420 299
413 298
410 294
409 287
412 279
416 270
420 262
425 254
431 246
435 239
440 233
444 228
448 224
453 219
460 215
470 211
484 210
498 213
513 222
526 237
534 257
536 273
535 282
529 285
523 285
515 282
505 274
496 263
494 246
500 228
518 215
541 211
567 213
588 219
603 232
609 247
607 263
598 276
586 297
