195 330
177 317
172 306
174 295
192 281
219 271
247 272
274 286
292 305
297 326
287 345
267 358
244 363
221 361
199 352
184 339
179 320
185 294
211 261
246 231
283 213
323 206
361 211
392 228
414 250
425 272
426 295
422 311
416 318
410 320
405 317
401 311
403 294
417 266
437 242
461 223
488 213
516 211
538 219
554 240
560 267
558 296
550 320
533 335
506 344
480 342
462 329
451 308
452 284
463 260
485 238
518 220
556 212
597 213
637 222
667 243
686 271
693 302
691 331
677 354
654 375
633 385
599 399
