244 282
249 295
247 312
236 328
221 343
204 350
189 348
178 343
168 332
161 318
156 296
158 276
170 258
190 240
213 228
238 224
259 228
277 240
294 259
308 277
319 295
324 311
325 318
325 321
324 317
325 308
328 293
332 274
339 256
350 237
363 224
378 216
394 213
408 215
421 222
431 233
440 254
444 275
444 286
444 296
443 302
442 304
442 299
443 291
446 277
452 261
461 244
472 229
482 220
492 215
503 213
513 211
525 214
538 221
549 232
559 254
562 275
562 290
560 308
555 320
548 325
542 326
537 323
532 308
533 276
536 244
537 214
535 190
530 173
523 162
511 155
493 149
472 146
455 149
432 152
