209 274
227 269
253 275
275 292
285 312
283 328
273 342
253 352
229 351
210 343
194 327
184 308
181 288
186 266
204 247
233 231
265 222
290 225
311 239
330 259
346 279
358 300
365 321
368 334
368 345
368 349
367 347
366 340
367 326
369 299
370 276
375 256
382 241
392 231
402 227
410 227
419 232
428 242
437 256
448 279
454 299
456 312
456 320
457 323
459 316
462 300
466 275
473 252
482 236
491 226
499 221
510 220
523 223
536 232
553 251
567 272
576 295
582 314
581 325
570 330
561 332
550 330
537 323
525 310
519 285
520 258
522 231
525 207
527 188
527 173
526 165
522 161
517 155
