177 274
162 262
155 249
151 231
158 213
175 194
198 178
218 173
233 178
246 191
251 207
254 225
254 240
253 249
253 252
255 247
259 235
265 217
272 198
280 186
287 182
293 182
297 186
301 194
304 208
307 231
312 255
324 270
342 277
363 277
384 270
402 257
412 240
412 221
404 200
391 181
378 169
371 164
365 168
355 174
236 308
246 310
255 317
257 327
253 336
246 344
235 348
220 347
203 342
189 330
183 317
186 302
203 284
225 270
243 266
257 269
265 277
271 288
276 301
281 317
288 330
298 339
309 342
324 341
342 332
352 322
356 309
354 295
350 285
345 276
341 269
336 259
