188 270
179 261
173 251
172 241
173 229
181 209
202 185
225 171
244 165
261 169
277 179
290 197
297 217
302 235
304 247
304 251
305 244
306 233
308 215
312 197
319 182
328 173
337 170
345 170
354 174
362 184
366 200
367 218
367 243
369 262
375 272
385 277
396 279
408 277
422 271
434 259
440 242
442 219
441 198
436 179
432 170
427 166
419 158
233 329
245 326
256 330
264 338
266 347
263 357
254 365
241 368
227 368
216 363
210 349
212 327
223 305
242 291
261 285
277 287
292 294
301 303
309 315
316 328
326 338
339 344
352 346
368 344
386 335
398 324
408 308
410 294
406 280
400 272
390 259
