229 229
219 213
219 197
228 182
249 166
277 151
299 146
316 152
328 164
334 178
337 195
337 209
337 217
336 220
336 218
338 210
343 195
353 176
364 167
372 165
380 169
386 176
394 190
400 213
405 232
418 242
433 243
447 238
465 222
478 200
481 175
479 154
473 140
470 137
467 144
459 156
294 273
307 277
318 291
320 306
311 317
291 325
273 324
257 319
249 308
246 290
252 268
264 254
278 249
291 252
304 259
317 269
331 287
345 304
359 314
378 315
399 308
416 293
430 274
436 257
433 242
427 233
423 231
420 231
