172 236
185 255
185 282
170 304
150 317
130 319
112 312
99 299
93 280
95 255
104 229
123 209
148 195
175 187
199 192
218 206
227 220
231 239
232 254
233 263
233 267
234 265
236 257
244 240
259 217
280 206
302 202
318 207
327 218
325 237
314 258
295 276
272 293
246 309
214 321
180 334
152 346
136 356
130 364
132 367
141 367
159 364
186 353
217 334
247 313
276 292
305 271
332 256
358 249
380 250
399 257
411 268
413 278
408 289
394 296
374 300
352 299
336 294
330 283
329 268
336 250
351 229
371 214
392 205
414 202
431 206
445 215
454 231
458 249
458 266
457 280
456 289
456 293
456 290
457 282
462 265
472 241
487 223
499 215
512 212
524 213
535 217
544 228
548 242
546 259
537 277
524 291
508 297
495 297
489 294
487 284
492 270
503 249
516 229
532 219
551 215
571 217
588 226
600 242
603 262
597 281
588 295
579 303
574 304
573 302
