168 212
189 221
206 241
205 261
190 271
169 274
147 270
131 261
121 249
121 234
130 218
151 204
176 192
204 186
228 191
245 204
256 218
260 235
261 246
261 251
261 249
262 242
265 227
277 208
293 193
313 187
332 194
345 208
352 222
347 240
330 256
306 267
280 273
252 277
223 284
201 291
188 296
186 302
191 308
203 314
223 317
251 312
280 301
305 286
325 270
345 256
364 247
381 240
397 242
410 250
419 261
420 271
413 278
403 283
388 284
373 281
364 275
360 264
366 247
378 228
396 215
416 210
430 210
442 214
453 221
459 231
466 244
470 257
471 263
471 266
470 259
472 246
479 229
492 216
505 210
520 210
533 214
544 221
551 238
549 254
536 269
524 275
513 276
503 274
496 268
494 258
500 245
519 227
540 217
563 215
582 217
594 226
600 243
597 259
586 274
572 281
552 292
