241 229
257 230
270 241
273 260
264 272
245 278
222 279
205 275
196 265
191 249
193 232
204 215
221 202
241 196
260 198
276 207
288 219
292 236
293 250
292 258
291 260
291 255
293 246
298 233
309 219
323 212
342 209
357 213
366 219
369 227
364 240
349 256
328 269
305 277
279 285
253 295
234 302
223 311
220 319
225 325
236 327
256 327
278 320
300 308
325 291
346 271
368 253
390 238
410 231
428 232
441 237
448 246
447 258
439 267
417 275
398 276
379 274
366 266
364 256
368 241
377 228
390 215
410 206
434 204
452 207
466 214
476 223
480 233
482 246
481 255
480 261
478 263
476 263
474 258
472 248
475 233
484 218
500 206
522 201
540 203
555 214
562 225
563 234
560 247
555 259
542 267
530 270
519 268
510 262
504 252
505 240
513 227
530 216
553 211
577 212
596 219
610 232
612 250
605 266
597 285
