183 211
198 218
208 239
205 261
193 278
174 286
153 285
137 278
127 265
125 245
131 220
143 198
161 180
182 170
205 167
230 172
251 184
263 203
271 224
276 239
276 249
276 254
277 252
279 246
284 234
297 214
317 192
340 179
362 175
379 177
389 186
390 202
377 223
359 245
335 264
303 278
266 291
230 303
203 313
186 323
178 333
179 339
183 343
195 346
219 345
250 333
281 319
310 302
341 282
372 262
401 247
430 237
454 233
471 235
482 244
482 255
473 266
454 278
431 287
413 288
402 280
396 269
397 251
405 226
420 201
437 181
455 169
471 164
485 167
494 176
501 190
504 206
505 224
504 241
503 253
505 260
507 262
510 261
514 254
522 241
533 223
548 203
562 192
574 188
583 190
592 198
598 210
602 225
601 249
595 263
587 272
576 276
567 275
557 270
551 260
552 241
562 218
575 202
592 189
610 181
629 180
645 189
653 204
654 220
649 241
641 262
630 280
624 292
619 308
