287 196
288 184
295 177
317 172
342 174
363 184
379 200
387 220
384 237
370 254
358 265
346 263
333 260
326 256
322 252
320 250
318 253
314 261
303 272
285 281
260 284
241 281
230 276
226 265
239 245
268 226
304 215
344 209
381 208
410 215
429 225
440 237
443 252
441 266
433 276
423 281
412 282
405 280
400 274
399 264
403 247
413 226
428 208
450 197
476 191
503 190
527 198
545 209
556 221
560 233
559 243
552 254
539 262
527 266
519 264
513 260
511 251
513 237
521 218
539 200
560 190
587 187
611 192
632 204
644 219
644 235
634 249
616 263
598 269
575 276
