209 175
213 158
227 143
251 131
279 122
305 123
324 132
335 150
342 177
341 209
329 238
313 264
296 282
280 293
260 300
238 296
219 285
203 271
192 253
189 234
195 217
207 204
221 194
233 189
241 194
246 203
248 215
246 231
239 250
227 264
210 272
189 276
169 275
156 271
148 265
146 257
150 243
163 223
187 201
223 181
260 169
297 165
332 166
361 174
382 186
396 203
405 221
411 239
414 255
409 267
405 275
402 279
401 281
399 282
397 282
395 282
393 282
390 281
386 281
383 280
380 279
377 278
372 276
365 271
358 263
352 248
349 226
354 199
366 176
387 154
412 136
441 127
471 123
495 128
514 140
527 161
534 185
532 212
525 234
517 253
504 268
488 272
471 268
458 259
449 242
448 217
454 189
466 163
486 139
511 122
538 112
565 110
589 117
607 135
615 162
615 195
609 224
600 252
588 271
570 293
