243 177
252 167
276 161
303 163
327 175
342 194
348 215
344 239
331 259
318 270
306 275
295 274
288 268
282 261
279 254
277 247
276 243
274 243
271 246
263 255
251 267
236 280
216 289
199 292
186 290
180 283
181 272
192 259
215 241
246 227
285 217
325 214
362 216
391 225
410 240
420 258
426 275
424 291
418 301
411 307
404 309
396 305
388 292
380 271
380 243
385 218
397 199
415 184
439 176
470 173
499 179
522 194
537 215
542 237
537 259
524 275
507 287
489 293
472 287
460 278
455 263
458 241
468 219
482 201
499 185
520 175
543 173
564 181
581 200
590 222
593 250
590 273
583 285
573 293
561 305
