198 224
192 208
199 186
216 161
243 139
274 127
296 128
311 139
323 159
329 184
332 211
332 236
333 258
337 272
346 278
359 281
379 277
402 265
423 248
437 230
444 213
447 194
445 183
443 178
442 176
442 183
443 198
448 226
456 251
467 268
478 277
488 278
501 274
514 266
529 246
537 225
537 206
534 186
527 169
521 158
514 151
508 151
505 153
209 353
205 337
208 322
213 305
227 285
248 266
267 257
284 256
299 260
306 266
315 275
321 286
324 298
327 315
330 330
336 343
345 353
357 359
374 361
391 359
406 352
417 342
427 331
432 320
434 312
434 308
434 306
433 311
433 324
436 344
443 365
450 376
456 385
464 388
473 387
484 381
497 366
505 346
507 326
507 310
504 297
499 288
495 281
490 278
484 277
478 280
473 286
471 294
472 303
479 313
494 322
516 324
549 322
