234 211
232 187
241 164
261 137
285 119
305 117
322 127
336 144
343 164
345 183
344 203
342 221
345 232
352 236
364 233
380 224
399 207
411 186
416 169
417 157
417 152
416 150
416 156
418 168
422 189
432 209
447 223
466 230
487 230
501 223
513 209
520 187
523 163
522 140
516 125
513 119
513 121
269 309
256 295
250 278
250 260
255 247
269 233
287 224
304 225
321 233
332 244
339 255
342 269
343 286
342 302
343 316
347 326
354 329
365 328
380 321
396 306
408 287
416 270
418 261
418 258
418 261
418 269
420 282
424 298
431 311
442 323
456 327
468 327
478 323
485 315
493 302
500 281
500 261
498 249
495 241
491 236
488 233
484 233
478 234
473 238
469 244
470 252
479 261
510 273
