296 304
315 311
328 323
333 333
330 343
325 350
314 355
299 357
283 354
265 346
255 334
252 318
253 299
260 279
275 261
292 249
313 244
334 247
354 255
370 268
380 287
389 304
395 315
396 324
394 333
392 340
391 343
391 345
392 342
394 333
394 318
392 302
391 287
395 271
403 258
418 248
436 243
451 244
462 248
466 254
467 262
465 271
461 280
455 288
450 294
447 296
445 298
444 300
445 302
448 303
457 306
468 310
479 314
487 318
491 323
491 329
486 336
475 342
462 346
452 347
445 347
441 346
439 345
437 345
