247 258
263 257
280 264
294 282
294 299
286 309
273 314
256 316
232 313
214 304
200 288
193 267
195 249
201 231
211 216
227 205
252 196
282 195
312 203
334 220
349 243
361 268
368 290
369 308
370 317
372 322
373 324
373 322
371 316
364 295
353 264
349 234
354 212
370 192
402 173
447 160
491 155
524 157
543 164
551 175
551 187
547 198
535 208
519 218
507 226
501 230
499 232
499 234
510 235
547 236
578 241
597 250
607 261
607 274
596 288
570 301
540 315
513 326
489 329
469 327
455 322
448 315
446 311
