297 296
309 297
321 299
327 305
330 310
331 314
330 317
327 320
321 324
313 327
305 326
298 323
293 318
290 310
288 297
289 283
292 270
298 259
309 251
320 245
336 244
353 249
370 257
384 266
391 273
396 282
398 292
400 300
401 307
402 313
404 319
405 323
406 325
407 327
407 325
407 322
407 318
406 312
406 305
406 296
406 288
407 278
410 270
415 263
421 257
429 254
438 253
448 254
456 256
465 258
472 260
478 262
483 264
487 266
489 268
491 271
492 274
491 278
488 283
484 288
479 291
475 293
472 294
470 295
468 295
466 296
470 297
479 298
489 299
498 301
505 303
508 306
510 308
511 310
511 313
510 317
507 321
503 325
498 327
493 328
486 328
479 327
472 327
466 326
462 326
459 326
457 325
