222 287
231 280
256 271
290 269
320 275
336 288
339 299
330 307
313 314
291 318
271 316
260 304
257 284
261 257
274 227
290 200
305 180
324 170
345 168
366 176
384 194
396 217
402 243
404 267
405 289
405 307
405 317
407 321
410 323
412 324
412 322
412 320
412 318
412 316
411 313
409 309
406 300
405 285
406 263
412 232
419 205
436 181
461 166
490 161
516 164
535 176
546 189
548 203
541 215
526 227
503 237
486 246
480 249
484 251
497 252
525 252
555 252
578 258
587 268
585 278
570 292
546 306
523 315
503 319
487 318
477 316
474 314
473 309
473 306
