225 239
236 258
236 276
224 290
206 296
186 295
173 284
167 266
168 244
176 221
190 205
209 192
230 186
248 192
259 204
266 219
268 239
266 255
265 265
266 269
268 268
271 263
277 250
288 229
303 210
318 202
329 203
337 208
342 218
342 235
334 258
322 275
307 287
285 297
258 305
228 313
205 319
190 326
184 333
184 338
190 340
205 339
233 330
260 317
286 302
314 286
339 270
366 259
392 255
412 256
423 260
427 268
424 275
414 283
397 290
380 292
366 287
360 279
358 269
364 255
376 234
393 217
411 210
430 207
448 210
458 216
464 228
465 241
462 253
460 262
459 267
459 269
460 265
464 256
471 241
481 224
491 214
500 209
513 208
524 212
533 220
536 237
529 255
513 272
492 286
465 296
432 304
399 310
372 317
350 326
337 335
333 340
333 344
335 346
341 347
358 346
385 340
414 331
444 322
471 318
500 317
524 320
539 328
542 340
537 352
531 360
522 366
505 370
488 369
472 364
465 356
466 348
472 334
490 309
