186 234
198 244
202 260
197 277
186 291
167 294
151 287
139 278
132 263
130 239
139 218
155 202
177 188
203 181
231 187
253 198
267 211
277 226
286 243
293 254
295 257
297 257
298 252
300 239
304 220
310 200
318 186
328 178
340 176
356 180
371 191
382 207
387 221
389 230
388 234
387 236
386 231
385 220
386 198
389 170
398 148
412 133
429 125
447 122
460 124
469 129
476 137
480 146
479 155
473 167
464 179
455 194
450 206
448 215
449 222
454 230
468 237
493 240
518 242
530 246
533 253
527 262
511 273
482 283
455 286
420 284
