152 228
162 222
181 223
202 236
213 253
214 271
207 286
195 295
181 298
168 296
157 289
151 275
150 255
155 231
165 211
179 195
202 182
231 178
256 186
276 202
289 221
293 242
295 262
295 273
295 275
295 273
297 267
300 250
307 224
319 205
331 194
341 192
351 198
361 208
368 223
368 248
365 271
364 282
363 289
365 286
368 276
377 253
389 225
406 202
426 184
446 175
463 172
478 172
486 177
488 182
487 191
481 202
471 215
459 231
452 244
451 254
454 261
464 267
483 275
506 284
522 293
530 300
531 308
524 317
508 326
481 333
461 331
450 323
431 312
