256 205
270 220
277 244
265 263
244 270
220 269
195 261
178 248
170 231
175 211
193 189
218 170
247 157
277 153
302 160
322 174
336 194
343 215
344 232
342 246
340 250
339 247
339 241
341 230
345 211
353 190
366 172
378 163
390 160
401 162
411 169
421 182
429 200
434 222
434 243
433 254
432 256
433 253
434 245
439 228
449 198
465 171
482 154
499 141
517 134
532 134
540 139
543 145
544 151
540 158
532 167
518 179
505 190
498 199
497 205
499 209
507 213
520 217
536 224
546 231
553 241
554 252
548 263
534 270
518 272
505 266
490 253
